0 23 46 29 97 84 26 92 13 71 92 93 98 27 52 53 98 16 61 76
23 0 49 98 26 63 100 93 82 82 27 28 56 49 47 86 80 43 14 35
46 49 0 86 83 83 51 41 54 14 77 40 22 92 12 57 97 44 61 78
29 98 86 0 92 36 9 15 56 32 83 22 68 32 48 84 83 86 20 34
97 26 83 92 0 33 66 90 37 95 14 38 24 79 30 95 74 39 21 84
84 63 83 36 33 0 47 44 85 74 25 66 8 95 95 73 60 3 5 36
26 100 51 9 66 47 0 97 43 50 74 69 17 58 19 74 3 99 81 3
92 93 41 15 90 44 97 0 9 78 9 97 14 60 20 37 60 18 59 23
13 82 54 56 37 85 43 9 0 101 89 3 10 17 84 76 16 35 67 97
71 82 14 32 95 74 50 78 101 0 23 86 11 15 63 22 57 3 18 78
92 27 77 83 14 25 74 9 89 23 0 35 56 36 58 52 13 66 32 89
93 28 40 22 38 66 69 97 3 86 35 0 99 31 101 11 81 42 18 75
98 56 22 68 24 8 17 14 10 11 56 99 0 70 62 88 79 36 49 74
27 49 92 32 79 95 58 60 17 15 36 31 70 0 69 43 78 11 32 80
52 47 12 48 30 95 19 20 84 63 58 101 62 69 0 79 53 6 62 98
53 86 57 84 95 73 74 37 76 22 52 11 88 43 79 0 21 39 92 32
98 80 97 83 74 60 3 60 16 57 13 81 79 78 53 21 0 92 54 54
16 43 44 86 39 3 99 18 35 3 66 42 36 11 6 39 92 0 18 36
61 14 61 20 21 5 81 59 67 18 32 18 49 32 62 92 54 18 0 1
76 35 78 34 84 36 3 23 97 78 89 75 74 80 98 32 54 36 1 0
