0 93 55 10 61 95 64 32 9 86 10 72 33 73
49 0 25 46 85 69 18 5 19 67 97 74 41 19
15 61 0 33 15 75 42 84 98 20 50 58 10 31
29 20 20 0 20 52 89 13 30 3 86 36 82 56
65 15 38 60 0 81 16 76 37 15 21 25 33 10
32 34 38 27 80 0 98 27 18 70 43 62 94 4
31 54 33 50 25 53 0 76 5 18 88 101 59 29
55 43 6 60 97 53 68 0 54 81 23 40 52 78
90 26 81 3 66 99 8 65 0 92 14 87 18 12
51 63 37 99 75 69 59 80 20 0 74 35 96 4
29 27 36 40 93 99 61 36 14 69 0 24 11 47
44 93 38 23 39 6 35 97 92 59 74 0 44 53
97 88 41 101 49 76 96 31 46 71 34 97 0 69
98 88 28 44 64 70 29 16 68 99 1 3 95 0
