0 69 56 75 59 38 80 3 79 28 65 65 92 97
81 0 23 10 31 94 42 12 8 75 53 60 67 30
4 41 0 68 63 18 46 47 56 69 17 41 52 43
42 81 23 0 31 74 26 62 51 58 60 44 33 39
34 31 24 36 0 5 51 75 59 68 39 1 36 85
25 23 30 99 80 0 85 81 96 28 42 54 75 62
50 87 41 15 34 91 0 94 47 41 71 46 30 17
32 95 30 85 75 12 71 0 7 79 83 2 2 17
66 84 58 41 86 99 64 6 0 67 12 9 2 38
65 68 61 72 10 70 40 8 2 0 98 74 1 37
80 11 35 96 31 9 61 66 59 100 0 63 92 89
36 38 28 68 79 25 2 77 96 7 65 0 47 64
48 89 26 72 2 77 50 84 98 13 63 51 0 28
101 62 20 24 78 49 16 91 67 1 88 91 27 0
