0 33 72 53 40 44 8 26 69 88 88 29 26 92
55 0 90 26 90 33 79 50 80 46 74 4 41 45
5 80 0 21 81 61 17 3 35 83 64 100 20 45
60 38 51 0 17 8 10 73 14 1 77 62 76 46
52 78 78 43 0 55 44 88 58 93 54 90 74 22
85 79 85 6 68 0 77 99 81 90 7 92 39 31
75 21 12 91 45 24 0 44 12 49 96 24 21 46
37 85 84 84 13 36 95 0 17 71 22 101 72 59
40 78 18 66 41 74 97 41 0 29 54 38 60 51
1 99 49 31 90 9 31 20 19 0 24 71 50 48
7 40 55 17 59 74 57 100 31 11 0 96 31 19
4 90 20 34 99 59 4 66 84 21 56 0 22 57
83 20 41 101 77 81 21 33 5 88 82 87 0 30
96 68 79 24 50 5 52 23 40 92 57 58 14 0
