0 20 63 35 21 87 14 33 63 54 72 4 6 2
35 0 26 72 25 68 12 47 88 69 96 46 22 97
9 58 0 19 17 51 65 2 46 9 46 33 2 37
10 18 16 0 35 12 62 98 1 93 58 93 79 49
34 58 38 71 0 74 38 100 44 61 24 68 69 77
25 27 93 43 88 0 46 101 35 33 7 34 95 11
40 94 79 8 16 86 0 2 12 73 37 96 15 41
16 25 80 42 43 53 79 0 98 50 61 62 34 61
97 36 67 84 64 100 62 33 0 28 19 100 38 31
100 50 62 34 6 61 57 90 54 0 11 26 21 42
93 4 1 47 8 56 31 36 81 92 0 49 31 79
19 54 43 69 50 27 11 98 14 97 69 0 13 44
50 49 42 29 25 65 93 3 69 1 14 81 0 100
42 40 60 26 10 56 72 25 39 5 36 27 37 0
