0 99 41 18 37 88 94 55 86 26 74 74 15 100
75 0 51 31 33 95 63 12 64 81 80 46 35 67
13 2 0 26 17 2 15 38 3 93 62 63 54 100
33 26 44 0 30 12 43 101 72 87 83 60 36 9
42 43 49 32 0 18 36 69 12 13 27 94 100 101
75 13 55 67 9 0 4 78 10 2 82 97 96 94
101 93 40 29 80 84 0 12 62 94 43 25 49 97
33 80 46 39 4 53 38 0 74 79 15 89 39 50
61 72 10 29 23 83 75 78 0 83 78 8 79 8
70 7 48 41 61 63 40 88 72 0 11 17 19 58
21 34 48 90 65 3 88 55 86 17 0 87 82 93
42 96 53 60 30 31 39 21 67 54 4 0 33 70
10 56 32 38 84 27 46 60 57 62 36 23 0 2
63 12 45 1 27 32 18 41 61 89 14 81 55 0
