0 90 44 96 61 66 81 89 28 6 38 67 17 15 7 43 17 31 15 42 2 43 54 100 9 91 15 85 74 52 12 9 99 14 38 3 64 9 72 54 50 15 54 79 86 37 76 72 9 96 36 53 100 43 37 93 49 88 66 70 100 13 50 91 55 21 9 33 94 7 20 18 88 12 101
90 0 36 95 84 93 1 40 2 80 65 15 92 79 53 4 86 61 84 20 71 93 72 52 87 42 37 74 57 72 17 24 24 2 57 8 8 3 4 38 75 38 72 70 51 99 79 84 34 88 98 33 47 82 12 28 96 76 95 76 22 60 74 48 46 48 59 71 25 14 93 87 60 4 47
44 36 0 83 100 79 89 32 1 101 24 59 7 27 70 84 56 80 5 63 74 59 3 66 93 100 20 14 63 52 76 82 78 59 62 8 16 38 29 95 34 10 18 19 26 26 63 31 35 78 101 51 3 91 8 55 3 22 10 33 86 37 63 44 21 59 63 14 11 93 45 36 26 55 62
96 95 83 0 63 65 50 14 1 100 86 86 28 63 19 15 28 20 56 16 75 78 95 53 13 66 35 89 49 39 50 4 17 94 76 23 74 85 69 81 87 55 33 77 31 50 84 19 54 64 26 3 99 18 58 38 75 71 15 90 77 15 72 13 45 86 15 37 21 14 53 40 88 18 45
61 84 100 63 0 86 31 93 96 18 17 22 30 7 1 72 35 28 90 39 78 76 66 68 74 65 97 59 32 80 6 2 14 40 84 88 14 21 5 60 87 29 45 5 31 15 45 44 41 86 42 29 79 48 95 15 67 93 65 51 63 44 20 53 54 29 62 61 71 64 100 60 70 80 42
66 93 79 65 86 0 49 72 41 96 71 48 78 43 27 40 99 1 48 78 71 29 45 92 46 57 40 81 74 38 51 62 58 60 23 88 76 91 76 72 46 4 62 63 95 61 88 51 3 61 95 9 28 89 10 100 59 90 90 91 25 65 21 74 43 11 7 90 45 94 45 26 91 62 43
81 1 89 50 31 49 0 78 41 80 86 7 80 101 78 42 41 49 79 72 50 93 65 91 69 99 9 88 19 19 75 100 41 50 67 54 12 57 20 15 88 39 19 66 48 34 40 48 89 95 62 98 58 60 2 58 28 67 16 57 21 37 47 6 53 74 3 13 97 62 101 41 95 95 33
89 40 32 14 93 72 78 0 89 71 37 52 61 1 57 25 40 11 52 56 32 76 66 99 59 36 91 74 51 39 90 89 93 20 31 87 57 38 14 83 74 60 46 58 72 75 67 100 20 68 20 43 1 61 90 75 31 27 24 58 55 89 83 44 59 65 37 26 35 10 6 50 93 33 79
28 2 1 1 96 41 41 89 0 27 47 84 54 21 84 97 79 4 81 85 15 35 78 74 21 26 25 90 23 43 55 14 39 70 94 62 44 34 55 67 76 17 62 27 47 76 27 68 35 9 100 77 1 66 59 70 17 37 59 38 21 83 29 69 71 5 72 18 22 98 93 4 66 79 86
6 80 101 100 18 96 80 71 27 0 45 87 65 37 46 37 54 33 40 8 91 24 57 35 16 22 72 100 92 18 60 63 73 64 18 4 52 26 101 37 68 98 62 87 29 46 49 93 85 32 16 87 29 46 44 28 30 29 45 61 44 51 14 32 88 2 33 33 55 18 77 22 101 18 65
38 65 24 86 17 71 86 37 47 45 0 8 40 71 49 74 72 98 21 86 7 52 21 80 57 70 99 20 52 50 4 9 45 1 35 49 88 69 18 64 55 73 67 31 49 78 32 45 17 59 22 67 91 14 38 56 29 28 57 21 77 88 101 40 32 13 46 40 80 16 2 77 13 89 50
67 15 59 86 22 48 7 52 84 87 8 0 44 77 98 74 99 22 42 65 84 58 69 77 18 62 4 66 93 32 29 11 3 13 74 89 72 79 91 85 25 47 53 66 44 77 96 60 25 42 21 92 53 47 45 31 3 84 8 10 64 98 39 59 69 25 67 67 30 85 59 2 61 10 95
17 92 7 28 30 78 80 61 54 65 40 44 0 48 17 96 42 78 51 55 15 15 5 13 7 72 86 27 32 93 33 54 77 99 49 37 47 51 45 84 98 31 82 44 51 91 41 11 51 16 28 78 62 72 84 31 30 89 75 74 41 31 30 98 25 84 33 96 16 37 67 9 88 90 4
15 79 27 63 7 43 101 1 21 37 71 77 48 0 63 44 95 52 58 57 38 86 76 51 55 25 13 32 1 58 2 75 23 92 34 68 42 36 91 99 5 15 40 98 49 3 18 6 73 7 62 43 72 12 64 92 7 18 49 1 59 21 44 6 55 50 29 36 91 45 14 45 56 18 90
7 53 70 19 1 27 78 57 84 46 49 98 17 63 0 101 54 36 17 27 78 25 64 73 95 72 35 42 35 6 33 30 66 63 35 96 97 41 15 36 58 11 90 44 14 12 54 75 20 82 32 89 33 65 69 91 19 11 53 71 63 17 82 32 8 6 62 63 49 58 41 76 3 12 10
43 4 84 15 72 40 42 25 97 37 74 74 96 44 101 0 40 2 94 68 34 85 18 55 40 54 9 77 56 82 92 29 16 57 29 10 78 89 55 5 86 70 3 59 99 21 27 51 73 50 43 41 36 38 31 6 52 100 93 22 98 73 2 22 85 36 67 83 58 75 90 31 47 58 47
17 86 56 28 35 99 41 40 79 54 72 99 42 95 54 40 0 17 43 29 14 60 79 59 35 83 101 94 58 85 58 7 12 33 10 37 68 12 89 29 80 11 36 70 59 4 19 90 1 7 75 59 14 88 54 94 35 34 97 73 85 57 69 20 95 28 16 74 100 86 17 77 96 33 39
31 61 80 20 28 1 49 11 4 33 98 22 78 52 36 2 17 0 7 34 35 15 6 62 65 99 64 50 77 57 76 92 82 36 24 1 16 28 52 83 49 98 74 9 42 79 94 56 31 17 13 29 29 31 100 56 1 28 4 71 56 22 37 68 76 35 24 74 7 27 94 6 24 63 65
15 84 5 56 90 48 79 52 81 40 21 42 51 58 17 94 43 7 0 30 22 89 74 4 16 92 16 55 13 36 49 50 47 3 3 56 53 14 39 33 27 79 18 67 56 88 23 75 31 6 2 64 16 95 58 33 93 31 90 21 63 48 58 93 56 19 17 59 72 93 2 69 2 33 72
42 20 63 16 39 78 72 56 85 8 86 65 55 57 27 68 29 34 30 0 43 88 52 47 25 92 96 98 1 44 79 84 39 50 24 4 63 70 20 88 76 95 36 19 5 78 52 55 8 23 95 5 16 49 24 6 78 89 98 24 25 89 36 1 72 91 83 57 63 61 4 32 70 62 7
2 71 74 75 78 71 50 32 15 91 7 84 15 38 78 34 14 35 22 43 0 16 7 97 87 1 15 37 69 89 61 28 79 26 92 56 35 96 63 14 67 36 67 71 76 10 19 79 85 44 44 42 25 89 47 29 7 62 100 11 41 85 90 24 46 87 36 22 7 22 31 51 23 4 98
43 93 59 78 76 29 93 76 35 24 52 58 15 86 25 85 60 15 89 88 16 0 61 18 97 39 60 85 21 2 83 87 53 50 12 76 41 54 78 55 54 82 77 51 61 58 87 59 97 69 85 91 37 82 6 14 6 70 68 33 99 51 79 72 7 16 26 97 98 18 26 89 78 54 85
54 72 3 95 66 45 65 66 78 57 21 69 5 76 64 18 79 6 74 52 7 61 0 3 13 62 24 60 17 58 10 37 7 38 81 84 28 71 65 20 38 97 12 77 98 36 38 46 83 70 32 74 79 36 36 76 8 60 29 91 66 19 2 17 89 93 27 82 89 37 70 24 93 96 60
100 52 66 53 68 92 91 99 74 35 80 77 13 51 73 55 59 62 4 47 97 18 3 0 58 87 97 100 49 95 2 59 69 13 63 19 91 16 49 37 35 82 49 50 46 17 32 51 51 70 5 9 53 39 17 41 86 63 3 92 73 86 15 68 52 66 49 60 64 68 13 12 71 92 9
9 87 93 13 74 46 69 59 21 16 57 18 7 55 95 40 35 65 16 25 87 97 13 58 0 53 31 26 34 71 61 93 51 99 10 73 22 65 88 14 75 34 98 73 67 95 49 49 39 47 38 83 84 23 71 44 80 36 14 43 66 12 101 101 41 74 46 62 76 80 73 25 89 29 5
91 42 100 66 65 57 99 36 26 22 70 62 72 25 72 54 83 99 92 92 1 39 62 87 53 0 81 13 81 17 95 7 62 72 69 23 74 59 64 14 72 48 84 62 61 66 75 22 60 99 26 10 98 20 20 29 43 9 72 22 5 39 23 42 84 41 41 4 83 86 11 52 75 4 29
15 37 20 35 97 40 9 91 25 72 99 4 86 13 35 9 101 64 16 96 15 60 24 97 31 81 0 93 18 92 43 23 101 81 66 22 54 35 86 86 54 77 8 18 44 43 76 97 63 17 19 51 83 81 44 9 7 26 64 8 99 100 15 100 61 14 90 58 24 23 29 6 55 100 99
85 74 14 89 59 81 88 74 90 100 20 66 27 32 42 77 94 50 55 98 37 85 60 100 26 13 93 0 90 51 51 87 41 56 50 61 29 18 12 24 26 67 87 83 10 87 74 61 46 69 97 49 72 20 9 91 70 4 77 23 100 85 31 43 8 9 1 59 74 43 11 80 42 5 61
74 57 63 49 32 74 19 51 23 92 52 93 32 1 35 56 58 77 13 1 69 21 17 49 34 81 18 90 0 75 81 32 48 59 78 41 57 43 54 19 47 50 73 100 58 31 27 28 70 3 101 24 46 37 3 53 90 68 56 9 43 69 88 98 79 77 26 94 24 37 26 50 69 39 11
52 72 52 39 80 38 19 39 43 18 50 32 93 58 6 82 85 57 36 44 89 2 58 95 71 17 92 51 75 0 21 5 96 31 5 13 94 56 99 91 63 98 86 8 48 29 92 28 84 22 15 70 11 62 36 4 91 96 21 35 35 60 63 88 52 42 84 13 65 85 20 91 26 31 11
12 17 76 50 6 51 75 90 55 60 4 29 33 2 33 92 58 76 49 79 61 83 10 2 61 95 43 51 81 21 0 49 19 24 59 8 19 98 92 37 86 23 91 85 42 2 84 66 19 41 19 8 89 69 37 83 87 44 46 93 1 17 85 59 25 72 6 28 70 73 73 28 9 91 90
9 24 82 4 2 62 100 89 14 63 9 11 54 75 30 29 7 92 50 84 28 87 37 59 93 7 23 87 32 5 49 0 8 56 19 89 69 4 4 1 49 7 33 17 31 54 58 40 52 75 69 34 25 48 39 11 77 50 70 19 10 91 95 87 23 18 59 85 21 71 80 3 58 74 2
99 24 78 17 14 58 41 93 39 73 45 3 77 23 66 16 12 82 47 39 79 53 7 69 51 62 101 41 48 96 19 8 0 79 99 20 41 43 92 75 81 78 80 97 85 101 61 33 58 46 55 38 58 38 31 42 44 76 64 60 10 101 73 1 17 14 8 35 44 78 6 19 37 98 85
14 2 59 94 40 60 50 20 70 64 1 13 99 92 63 57 33 36 3 50 26 50 38 13 99 72 81 56 59 31 24 56 79 0 22 100 72 33 24 46 97 43 66 37 45 5 93 78 9 8 59 37 49 39 7 79 76 78 78 83 70 8 10 61 91 19 62 59 15 85 72 28 48 63 46
38 57 62 76 84 23 67 31 94 18 35 74 49 34 35 29 10 24 3 24 92 12 81 63 10 69 66 50 78 5 59 19 99 22 0 36 62 64 13 53 59 95 96 17 101 60 51 37 46 12 80 13 30 84 90 32 53 1 67 64 75 19 46 57 66 12 66 64 11 20 58 33 28 87 5
3 8 8 23 88 88 54 87 62 4 49 89 37 68 96 10 37 1 56 4 56 76 84 19 73 23 22 61 41 13 8 89 20 100 36 0 38 8 53 44 40 74 65 37 2 20 2 35 67 25 50 79 26 38 56 61 36 87 36 97 90 73 39 25 8 36 58 78 64 40 52 36 91 22 3
64 8 16 74 14 76 12 57 44 52 88 72 47 42 97 78 68 16 53 63 35 41 28 91 22 74 54 29 57 94 19 69 41 72 62 38 0 20 34 34 60 16 55 17 13 75 92 58 18 87 26 57 69 76 70 80 87 66 19 76 41 24 85 67 32 21 34 4 27 52 59 26 90 30 49
9 3 38 85 21 91 57 38 34 26 69 79 51 36 41 89 12 28 14 70 96 54 71 16 65 59 35 18 43 56 98 4 43 33 64 8 20 0 42 66 61 40 89 92 27 101 56 49 34 71 46 79 59 51 33 87 73 29 52 86 74 45 86 52 10 14 88 27 76 35 79 45 31 91 43
72 4 29 69 5 76 20 14 55 101 18 91 45 91 15 55 89 52 39 20 63 78 65 49 88 64 86 12 54 99 92 4 92 24 13 53 34 42 0 39 30 91 97 32 38 66 18 46 81 3 50 14 64 25 45 4 44 59 67 4 44 9 42 49 26 62 58 44 96 65 41 14 19 83 24
54 38 95 81 60 72 15 83 67 37 64 85 84 99 36 5 29 83 33 88 14 55 20 37 14 14 86 24 19 91 37 1 75 46 53 44 34 66 39 0 51 25 15 57 66 13 37 52 90 89 38 96 36 72 88 8 53 70 41 55 26 11 98 5 11 53 65 54 46 12 27 70 56 85 99
50 75 34 87 87 46 88 74 76 68 55 25 98 5 58 86 80 49 27 76 67 54 38 35 75 72 54 26 47 63 86 49 81 97 59 40 60 61 30 51 0 26 44 9 86 42 39 70 62 42 32 34 76 101 97 35 94 100 67 62 44 10 12 15 45 66 37 15 34 37 19 3 88 8 72
15 38 10 55 29 4 39 60 17 98 73 47 31 15 11 70 11 98 79 95 36 82 97 82 34 48 77 67 50 98 23 7 78 43 95 74 16 40 91 25 26 0 81 14 63 77 84 101 16 8 15 87 20 50 32 51 22 24 46 101 28 98 76 80 18 60 83 29 59 93 20 85 23 35 39
54 72 18 33 45 62 19 46 62 62 67 53 82 40 90 3 36 74 18 36 67 77 12 49 98 84 8 87 73 86 91 33 80 66 96 65 55 89 97 15 44 81 0 30 63 78 45 88 80 5 79 24 9 20 34 37 81 60 67 4 68 61 17 12 96 2 26 31 9 6 2 49 18 32 8
79 70 19 77 5 63 66 58 27 87 31 66 44 98 44 59 70 9 67 19 71 51 77 50 73 62 18 83 100 8 85 17 97 37 17 37 17 92 32 57 9 14 30 0 16 61 31 62 91 88 16 95 71 24 88 27 1 41 4 49 93 50 18 101 1 50 22 14 11 32 59 14 87 77 56
86 51 26 31 31 95 48 72 47 29 49 44 51 49 14 99 59 42 56 5 76 61 98 46 67 61 44 10 58 48 42 31 85 45 101 2 13 27 38 66 86 63 63 16 0 10 84 16 11 6 72 40 46 40 97 95 44 80 98 92 8 85 44 8 57 84 64 84 79 21 21 82 59 71 7
37 99 26 50 15 61 34 75 76 46 78 77 91 3 12 21 4 79 88 78 10 58 36 17 95 66 43 87 31 29 2 54 101 5 60 20 75 101 66 13 42 77 78 61 10 0 65 26 92 88 17 91 5 80 9 96 7 65 24 14 60 29 73 36 80 49 46 63 62 53 50 59 91 9 6
76 79 63 84 45 88 40 67 27 49 32 96 41 18 54 27 19 94 23 52 19 87 38 32 49 75 76 74 27 92 84 58 61 93 51 2 92 56 18 37 39 84 45 31 84 65 0 60 38 71 86 35 31 30 6 54 47 46 91 42 93 52 79 29 66 42 66 93 34 17 89 25 6 80 51
72 84 31 19 44 51 48 100 68 93 45 60 11 6 75 51 90 56 75 55 79 59 46 51 49 22 97 61 28 28 66 40 33 78 37 35 58 49 46 52 70 101 88 62 16 26 60 0 64 16 38 11 60 6 76 99 22 43 98 99 30 58 52 25 93 67 8 101 67 45 45 79 99 6 38
9 34 35 54 41 3 89 20 35 85 17 25 51 73 20 73 1 31 31 8 85 97 83 51 39 60 63 46 70 84 19 52 58 9 46 67 18 34 81 90 62 16 80 91 11 92 38 64 0 60 24 90 52 43 65 48 20 88 82 31 29 26 55 49 39 72 53 73 82 97 9 97 7 13 22
96 88 78 64 86 61 95 68 9 32 59 42 16 7 82 50 7 17 6 23 44 69 70 70 47 99 17 69 3 22 41 75 46 8 12 25 87 71 3 89 42 8 5 88 6 88 71 16 60 0 5 20 3 35 76 6 85 29 40 6 86 54 18 74 89 45 88 27 82 60 65 69 12 27 19
36 98 101 26 42 95 62 20 100 16 22 21 28 62 32 43 75 13 2 95 44 85 32 5 38 26 19 97 101 15 19 69 55 59 80 50 26 46 50 38 32 15 79 16 72 17 86 38 24 5 0 3 6 20 57 89 53 43 31 43 79 72 65 19 25 46 66 59 78 73 6 18 98 31 68
53 33 51 3 29 9 98 43 77 87 67 92 78 43 89 41 59 29 64 5 42 91 74 9 83 10 51 49 24 70 8 34 38 37 13 79 57 79 14 96 34 87 24 95 40 91 35 11 90 20 3 0 73 40 40 73 25 25 11 67 94 81 78 1 94 51 89 101 26 91 91 17 56 43 71
100 47 3 99 79 28 58 1 1 29 91 53 62 72 33 36 14 29 16 16 25 37 79 53 84 98 83 72 46 11 89 25 58 49 30 26 69 59 64 36 76 20 9 71 46 5 31 60 52 3 6 73 0 43 25 40 33 19 98 80 67 27 54 24 46 47 77 41 28 51 32 6 9 84 65
43 82 91 18 48 89 60 61 66 46 14 47 72 12 65 38 88 31 95 49 89 82 36 39 23 20 81 20 37 62 69 48 38 39 84 38 76 51 25 72 101 50 20 24 40 80 30 6 43 35 20 40 43 0 83 61 1 26 55 11 70 55 15 8 42 86 56 54 83 48 28 77 90 76 19
37 12 8 58 95 10 2 90 59 44 38 45 84 64 69 31 54 100 58 24 47 6 36 17 71 20 44 9 3 36 37 39 31 7 90 56 70 33 45 88 97 32 34 88 97 9 6 76 65 76 57 40 25 83 0 2 5 18 63 94 9 38 29 95 62 60 36 88 43 43 81 23 67 46 73
93 28 55 38 15 100 58 75 70 28 56 31 31 92 91 6 94 56 33 6 29 14 76 41 44 29 9 91 53 4 83 11 42 79 32 61 80 87 4 8 35 51 37 27 95 96 54 99 48 6 89 73 40 61 2 0 89 101 79 92 47 13 32 79 95 49 84 47 50 31 15 24 47 13 38
49 96 3 75 67 59 28 31 17 30 29 3 30 7 19 52 35 1 93 78 7 6 8 86 80 43 7 70 90 91 87 77 44 76 53 36 87 73 44 53 94 22 81 1 44 7 47 22 20 85 53 25 33 1 5 89 0 99 47 27 68 101 92 76 79 24 83 2 90 61 1 22 70 17 78
88 76 22 71 93 90 67 27 37 29 28 84 89 18 11 100 34 28 31 89 62 70 60 63 36 9 26 4 68 96 44 50 76 78 1 87 66 29 59 70 100 24 60 41 80 65 46 43 88 29 43 25 19 26 18 101 99 0 96 13 78 52 81 51 57 67 57 5 9 90 40 12 12 26 68
66 95 10 15 65 90 16 24 59 45 57 8 75 49 53 93 97 4 90 98 100 68 29 3 14 72 64 77 56 21 46 70 64 78 67 36 19 52 67 41 67 46 67 4 98 24 91 98 82 40 31 11 98 55 63 79 47 96 0 63 19 43 78 69 75 36 48 74 72 95 87 48 6 98 65
70 76 33 90 51 91 57 58 38 61 21 10 74 1 71 22 73 71 21 24 11 33 91 92 43 22 8 23 9 35 93 19 60 83 64 97 76 86 4 55 62 101 4 49 92 14 42 99 31 6 43 67 80 11 94 92 27 13 63 0 64 25 21 96 18 34 37 99 24 12 6 16 66 24 35
100 22 86 77 63 25 21 55 21 44 77 64 41 59 63 98 85 56 63 25 41 99 66 73 66 5 99 100 43 35 1 10 10 70 75 90 41 74 44 26 44 28 68 93 8 60 93 30 29 86 79 94 67 70 9 47 68 78 19 64 0 101 101 78 71 75 74 2 38 76 82 19 23 57 101
13 60 37 15 44 65 37 89 83 51 88 98 31 21 17 73 57 22 48 89 85 51 19 86 12 39 100 85 69 60 17 91 101 8 19 73 24 45 9 11 10 98 61 50 85 29 52 58 26 54 72 81 27 55 38 13 101 52 43 25 101 0 97 38 58 75 18 28 66 17 21 91 42 53 75
50 74 63 72 20 21 47 83 29 14 101 39 30 44 82 2 69 37 58 36 90 79 2 15 101 23 15 31 88 63 85 95 73 10 46 39 85 86 42 98 12 76 17 18 44 73 79 52 55 18 65 78 54 15 29 32 92 81 78 21 101 97 0 84 83 77 93 79 74 59 38 71 33 76 91
91 48 44 13 53 74 6 44 69 32 40 59 98 6 32 22 20 68 93 1 24 72 17 68 101 42 100 43 98 88 59 87 1 61 57 25 67 52 49 5 15 80 12 101 8 36 29 25 49 74 19 1 24 8 95 79 76 51 69 96 78 38 84 0 47 6 92 48 24 8 10 42 40 44 64
55 46 21 45 54 43 53 59 71 88 32 69 25 55 8 85 95 76 56 72 46 7 89 52 41 84 61 8 79 52 25 23 17 91 66 8 32 10 26 11 45 18 96 1 57 80 66 93 39 89 25 94 46 42 62 95 79 57 75 18 71 58 83 47 0 48 88 19 1 40 3 39 89 73 17
21 48 59 86 29 11 74 65 5 2 13 25 84 50 6 36 28 35 19 91 87 16 93 66 74 41 14 9 77 42 72 18 14 19 12 36 21 14 62 53 66 60 2 50 84 49 42 67 72 45 46 51 47 86 60 49 24 67 36 34 75 75 77 6 48 0 30 87 21 37 60 69 22 68 64
9 59 63 15 62 7 3 37 72 33 46 67 33 29 62 67 16 24 17 83 36 26 27 49 46 41 90 1 26 84 6 59 8 62 66 58 34 88 58 65 37 83 26 22 64 46 66 8 53 88 66 89 77 56 36 84 83 57 48 37 74 18 93 92 88 30 0 46 39 8 73 36 97 32 63
33 71 14 37 61 90 13 26 18 33 40 67 96 36 63 83 74 74 59 57 22 97 82 60 62 4 58 59 94 13 28 85 35 59 64 78 4 27 44 54 15 29 31 14 84 63 93 101 73 27 59 101 41 54 88 47 2 5 74 99 2 28 79 48 19 87 46 0 91 30 98 3 41 41 75
94 25 11 21 71 45 97 35 22 55 80 30 16 91 49 58 100 7 72 63 7 98 89 64 76 83 24 74 24 65 70 21 44 15 11 64 27 76 96 46 34 59 9 11 79 62 34 67 82 82 78 26 28 83 43 50 90 9 72 24 38 66 74 24 1 21 39 91 0 7 17 18 82 53 48
7 14 93 14 64 94 62 10 98 18 16 85 37 45 58 75 86 27 93 61 22 18 37 68 80 86 23 43 37 85 73 71 78 85 20 40 52 35 65 12 37 93 6 32 21 53 17 45 97 60 73 91 51 48 43 31 61 90 95 12 76 17 59 8 40 37 8 30 7 0 91 36 31 69 14
20 93 45 53 100 45 101 6 93 77 2 59 67 14 41 90 17 94 2 4 31 26 70 13 73 11 29 11 26 20 73 80 6 72 58 52 59 79 41 27 19 20 2 59 21 50 89 45 9 65 6 91 32 28 81 15 1 40 87 6 82 21 38 10 3 60 73 98 17 91 0 45 30 25 56
18 87 36 40 60 26 41 50 4 22 77 2 9 45 76 31 77 6 69 32 51 89 24 12 25 52 6 80 50 91 28 3 19 28 33 36 26 45 14 70 3 85 49 14 82 59 25 79 97 69 18 17 6 77 23 24 22 12 48 16 19 91 71 42 39 69 36 3 18 36 45 0 57 74 90
88 60 26 88 70 91 95 93 66 101 13 61 88 56 3 47 96 24 2 70 23 78 93 71 89 75 55 42 69 26 9 58 37 48 28 91 90 31 19 56 88 23 18 87 59 91 6 99 7 12 98 56 9 90 67 47 70 12 6 66 23 42 33 40 89 22 97 41 82 31 30 57 0 11 85
12 4 55 18 80 62 95 33 79 18 89 10 90 18 12 58 33 63 33 62 4 54 96 92 29 4 100 5 39 31 91 74 98 63 87 22 30 91 83 85 8 35 32 77 71 9 80 6 13 27 31 43 84 76 46 13 17 26 98 24 57 53 76 44 73 68 32 41 53 69 25 74 11 0 98
101 47 62 45 42 43 33 79 86 65 50 95 4 90 10 47 39 65 72 7 98 85 60 9 5 29 99 61 11 11 90 2 85 46 5 3 49 43 24 99 72 39 8 56 7 6 51 38 22 19 68 71 65 19 73 38 78 68 65 35 101 75 91 64 17 64 63 75 48 14 56 90 85 98 0
