0 7 81 100 57 1 28 73 96 48 81 61 96 12 21 29 55 41 37 20 62 69 31 91 99 99 59 37 53 33 22 77 24 50 74 101 2 72 7 6 41 54 14 98 69 60 18 21 100 98 31 75 13 99 25 97 89 46 49 15 33 31 71 48 99 63 25 79 34 35 98 51 17 18 55
7 0 5 17 40 46 28 89 58 87 71 9 57 18 99 87 30 56 7 1 46 71 24 101 38 101 71 60 68 62 11 99 7 24 92 94 36 89 18 90 26 82 63 43 37 74 14 31 44 49 44 2 83 2 8 87 30 83 33 40 50 25 56 68 51 101 84 32 5 34 42 2 63 61 65
81 5 0 83 1 77 84 71 6 72 76 53 84 11 63 72 37 85 96 33 85 75 55 43 94 60 38 38 50 21 100 94 10 6 94 49 66 47 34 64 45 73 29 52 34 40 39 51 94 14 77 100 83 91 15 25 91 75 56 5 91 80 6 58 16 6 47 36 50 58 36 3 51 71 96
100 17 83 0 53 88 47 67 66 28 98 69 99 44 54 39 64 18 55 2 63 68 12 5 91 98 47 63 72 73 42 77 90 38 80 42 70 27 2 41 9 6 36 14 66 42 37 91 31 1 85 73 11 31 91 38 6 42 88 76 9 14 69 65 83 64 51 6 15 13 88 7 83 81 73
57 40 1 53 0 16 38 69 6 64 7 1 53 77 52 47 61 79 97 85 53 93 69 49 97 32 73 71 71 26 23 18 68 97 83 9 18 73 32 40 91 90 20 71 40 50 52 73 22 9 33 13 56 72 98 73 50 59 73 98 51 72 89 52 20 19 68 54 48 49 77 80 37 31 100
1 46 77 88 16 0 17 66 47 56 21 22 61 101 45 7 15 48 7 2 89 100 63 44 84 53 37 4 92 31 62 6 73 52 50 98 62 69 46 33 47 4 29 41 87 42 27 6 58 84 40 56 34 59 79 38 86 9 6 51 73 101 80 49 31 33 65 10 18 89 68 80 70 57 69
28 28 84 47 38 17 0 96 35 72 58 10 51 48 52 48 73 25 41 33 66 36 46 72 39 76 47 64 57 48 13 31 1 14 10 23 77 16 28 9 13 1 19 72 83 73 97 56 93 32 80 79 83 96 6 39 35 85 72 50 8 34 46 94 65 3 47 70 26 21 100 25 1 64 45
73 89 71 67 69 66 96 0 85 12 98 39 62 85 35 36 30 33 60 101 45 18 41 1 43 79 96 82 79 17 38 96 39 18 5 85 83 64 7 51 24 23 24 54 26 21 33 78 75 42 73 80 30 58 40 48 23 58 59 25 13 31 28 46 99 46 41 50 20 44 54 2 74 84 30
96 58 6 66 6 47 35 85 0 100 96 31 66 40 17 47 58 16 78 12 36 73 13 89 2 37 46 22 15 41 11 98 97 55 77 84 5 83 100 56 21 42 75 61 38 94 54 62 72 75 15 97 15 90 21 72 12 39 12 36 50 60 97 94 46 67 9 20 8 36 30 10 79 92 97
48 87 72 28 64 56 72 12 100 0 27 14 47 8 15 66 101 37 24 12 55 7 10 74 71 41 92 101 40 44 64 90 100 99 28 28 59 92 63 38 5 95 45 95 76 23 84 64 84 42 60 56 36 84 48 13 59 24 38 5 87 55 48 30 11 72 21 3 20 14 95 27 97 59 12
81 71 76 98 7 21 58 98 96 27 0 69 7 18 57 8 92 90 5 34 3 52 16 30 42 57 19 101 98 34 8 55 28 53 97 90 2 77 94 68 58 69 37 9 68 23 18 67 81 31 78 17 93 82 51 83 57 15 24 66 42 34 73 38 23 75 75 79 58 98 43 59 53 62 23
61 9 53 69 1 22 10 39 31 14 69 0 79 79 24 36 80 75 93 2 15 83 47 101 65 70 4 21 49 39 14 44 56 88 38 88 76 97 90 20 56 4 41 64 23 29 87 59 5 69 94 20 100 31 3 6 79 15 18 91 88 55 10 52 94 83 43 2 63 8 100 84 30 92 76
96 57 84 99 53 61 51 62 66 47 7 79 0 77 21 57 82 19 66 62 71 31 61 84 80 101 10 71 94 37 41 20 36 64 8 72 22 13 85 99 20 41 33 47 92 101 85 79 24 91 27 51 57 65 78 8 76 32 39 8 10 51 2 28 9 80 73 18 43 45 32 30 100 50 2
12 18 11 44 77 101 48 85 40 8 18 79 77 0 76 92 28 22 44 52 67 52 23 46 87 77 47 54 18 99 32 45 99 101 34 84 11 2 75 6 101 82 56 82 99 72 34 82 33 34 96 55 47 50 48 75 18 15 35 46 19 79 57 92 17 80 58 5 12 94 96 85 42 9 101
21 99 63 54 52 45 52 35 17 15 57 24 21 76 0 55 65 40 23 101 36 90 40 50 95 94 78 55 27 91 36 5 41 97 39 22 61 31 25 87 73 40 52 83 39 92 81 44 54 96 99 13 11 60 24 38 77 24 45 81 87 28 51 42 17 91 60 45 5 66 28 24 97 74 75
29 87 72 39 47 7 48 36 47 66 8 36 57 92 55 0 2 31 22 91 2 26 56 95 7 58 24 30 59 89 9 2 50 94 27 37 55 98 50 82 29 32 87 29 68 45 59 18 88 46 88 14 25 37 84 21 23 4 55 33 29 93 58 12 54 44 2 47 34 37 9 89 12 73 89
55 30 37 64 61 15 73 30 58 101 92 80 82 28 65 2 0 45 93 51 44 100 68 71 69 92 21 47 56 28 92 68 66 16 48 94 67 96 15 60 101 57 19 73 26 63 11 31 20 75 13 95 11 40 49 48 101 40 96 96 12 9 19 89 31 72 27 47 77 83 101 94 16 96 95
41 56 85 18 79 48 25 33 16 37 90 75 19 22 40 31 45 0 12 27 74 45 9 56 30 69 94 71 62 69 75 66 6 65 69 78 63 39 78 82 15 74 27 79 5 37 2 84 23 83 4 68 35 79 83 31 4 17 31 69 71 11 13 5 61 57 47 32 58 62 68 59 43 39 27
37 7 96 55 97 7 41 60 78 24 5 93 66 44 23 22 93 12 0 67 33 58 50 61 63 27 100 20 52 67 18 56 54 3 44 71 23 69 50 12 24 39 38 18 41 66 57 41 77 100 76 23 22 53 26 84 84 8 63 76 57 20 20 89 43 26 43 32 36 24 11 57 45 10 57
20 1 33 2 85 2 33 101 12 12 34 2 62 52 101 91 51 27 67 0 84 71 59 71 2 96 40 68 9 32 89 65 37 42 73 57 85 80 81 11 97 73 69 84 90 5 59 58 36 9 15 73 90 51 35 42 53 76 6 45 93 76 74 67 83 99 94 67 55 99 43 83 95 81 93
62 46 85 63 53 89 66 45 36 55 3 15 71 67 36 2 44 74 33 84 0 79 100 55 92 85 66 91 8 8 34 17 66 4 22 26 66 64 82 15 38 91 94 54 40 8 32 91 21 28 19 58 51 33 37 85 20 41 59 83 58 57 19 20 71 86 6 24 13 32 31 32 59 88 47
69 71 75 68 93 100 36 18 73 7 52 83 31 52 90 26 100 45 58 71 79 0 14 95 2 79 9 97 57 94 15 95 59 4 56 14 54 33 56 52 63 68 20 80 81 68 2 91 92 51 64 94 42 2 97 75 87 88 99 34 4 46 36 48 23 37 15 71 90 72 28 38 15 98 88
31 24 55 12 69 63 46 41 13 10 16 47 61 23 40 56 68 9 50 59 100 14 0 25 4 68 9 13 47 71 101 57 91 61 48 16 48 97 81 91 70 69 17 57 83 51 82 98 9 3 27 73 51 64 16 18 44 33 15 29 74 83 47 44 18 19 47 8 52 63 12 34 7 72 30
91 101 43 5 49 44 72 1 89 74 30 101 84 46 50 95 71 56 61 71 55 95 25 0 92 20 95 75 34 13 74 41 39 90 45 55 17 20 68 16 79 25 17 97 17 47 64 50 75 43 60 29 41 55 29 15 22 50 16 90 54 14 67 4 82 63 15 60 16 70 86 42 32 93 23
99 38 94 91 97 84 39 43 2 71 42 65 80 87 95 7 69 30 63 2 92 2 4 92 0 85 71 76 67 26 39 74 1 34 46 46 71 1 100 78 56 45 88 81 40 24 78 73 45 69 35 51 76 28 48 64 3 27 32 43 37 20 37 8 64 92 76 78 72 70 11 13 58 85 37
99 101 60 98 32 53 76 79 37 41 57 70 101 77 94 58 92 69 27 96 85 79 68 20 85 0 46 23 97 42 3 54 67 39 13 77 13 52 76 80 40 60 6 44 30 85 40 28 74 52 9 55 66 54 80 21 14 44 39 7 75 63 26 24 56 36 100 49 88 98 20 46 36 24 27
59 71 38 47 73 37 47 96 46 92 19 4 10 47 78 24 21 94 100 40 66 9 9 95 71 46 0 24 96 48 19 38 62 45 50 13 89 57 30 31 100 99 75 24 41 45 98 34 81 92 5 16 20 82 77 85 57 98 85 45 26 38 24 32 77 49 75 42 61 48 6 4 39 93 62
37 60 38 63 71 4 64 82 22 101 101 21 71 54 55 30 47 71 20 68 91 97 13 75 76 23 24 0 27 35 91 8 88 19 18 20 26 32 1 69 21 76 71 1 97 6 4 6 39 65 12 34 4 43 28 35 61 65 20 66 78 25 90 54 54 45 69 34 53 30 15 10 35 34 49
53 68 50 72 71 92 57 79 15 40 98 49 94 18 27 59 56 62 52 9 8 57 47 34 67 97 96 27 0 24 63 19 38 58 92 100 35 36 27 29 21 15 51 36 11 37 78 2 4 81 99 74 15 60 37 44 17 85 49 7 53 26 41 100 85 94 74 31 75 33 38 6 72 90 60
33 62 21 73 26 31 48 17 41 44 34 39 37 99 91 89 28 69 67 32 8 94 71 13 26 42 48 35 24 0 92 88 68 8 55 90 37 44 17 51 5 12 9 68 19 67 82 90 85 13 81 86 87 61 28 76 10 91 28 80 19 79 89 37 99 80 29 86 95 57 70 32 23 56 81
22 11 100 42 23 62 13 38 11 64 8 14 41 32 36 9 92 75 18 89 34 15 101 74 39 3 19 91 63 92 0 46 27 35 36 34 39 96 83 40 54 51 38 87 26 51 60 34 75 85 47 69 89 19 85 71 91 93 85 16 12 85 28 17 46 35 1 17 33 56 5 80 23 60 68
77 99 94 77 18 6 31 96 98 90 55 44 20 45 5 2 68 66 56 65 17 95 57 41 74 54 38 8 19 88 46 0 94 96 9 45 81 9 30 90 35 47 65 54 18 32 1 93 39 33 15 32 96 72 82 49 70 92 58 28 46 91 22 25 75 36 52 95 87 38 29 101 60 41 3
24 7 10 90 68 73 1 39 97 100 28 56 36 99 41 50 66 6 54 37 66 59 91 39 1 67 62 88 38 68 27 94 0 4 96 64 9 65 45 96 15 44 80 52 33 15 15 34 56 22 55 60 40 78 77 73 15 14 4 13 100 45 96 83 82 86 55 71 8 13 19 3 83 44 22
50 24 6 38 97 52 14 18 55 99 53 88 64 101 97 94 16 65 3 42 4 4 61 90 34 39 45 19 58 8 35 96 4 0 68 55 81 53 52 101 90 75 69 20 36 89 17 25 56 38 39 54 22 58 50 28 37 67 86 44 1 48 41 16 73 39 39 73 33 46 22 90 58 5 101
74 92 94 80 83 50 10 5 77 28 97 38 8 34 39 27 48 69 44 73 22 56 48 45 46 13 50 18 92 55 36 9 96 68 0 67 99 37 51 46 97 89 81 2 5 27 89 99 37 79 26 72 8 21 51 89 52 83 2 58 13 54 18 39 95 12 51 24 1 10 84 78 47 39 2
101 94 49 42 9 98 23 85 84 28 90 88 72 84 22 37 94 78 71 57 26 14 16 55 46 77 13 20 100 90 34 45 64 55 67 0 51 56 64 44 100 34 42 62 54 94 22 54 71 14 69 45 17 86 85 96 46 18 25 72 91 90 38 78 96 11 72 70 11 91 14 54 49 48 28
2 36 66 70 18 62 77 83 5 59 2 76 22 11 61 55 67 63 23 85 66 54 48 17 71 13 89 26 35 37 39 81 9 81 99 51 0 62 101 69 4 1 80 66 42 60 6 94 56 9 38 13 47 57 57 36 42 43 45 49 36 76 35 73 89 61 52 4 87 3 50 78 4 72 93
72 89 47 27 73 69 16 64 83 92 77 97 13 2 31 98 96 39 69 80 64 33 97 20 1 52 57 32 36 44 96 9 65 53 37 56 62 0 26 47 71 52 38 71 38 86 26 22 64 32 14 6 15 65 37 53 38 60 14 52 26 57 68 38 66 9 89 97 59 24 7 90 4 10 23
7 18 34 2 32 46 28 7 100 63 94 90 85 75 25 50 15 78 50 81 82 56 81 68 100 76 30 1 27 17 83 30 45 52 51 64 101 26 0 73 45 22 74 19 76 61 1 78 7 87 87 43 67 32 31 4 14 48 21 84 51 33 41 29 82 83 96 42 90 86 63 79 33 101 62
6 90 64 41 40 33 9 51 56 38 68 20 99 6 87 82 60 82 12 11 15 52 91 16 78 80 31 69 29 51 40 90 96 101 46 44 69 47 73 0 78 85 22 47 53 52 6 27 88 43 49 42 28 54 89 77 58 82 97 12 59 31 39 101 86 10 37 59 24 61 12 70 48 57 55
41 26 45 9 91 47 13 24 21 5 58 56 20 101 73 29 101 15 24 97 38 63 70 79 56 40 100 21 21 5 54 35 15 90 97 100 4 71 45 78 0 3 22 11 33 20 25 92 41 19 69 92 36 76 20 95 52 42 72 2 34 92 98 97 53 24 66 81 53 57 53 59 71 6 24
54 82 73 6 90 4 1 23 42 95 69 4 41 82 40 32 57 74 39 73 91 68 69 25 45 60 99 76 15 12 51 47 44 75 89 34 1 52 22 85 3 0 47 32 85 17 21 32 61 2 77 45 8 71 31 29 93 90 83 8 70 89 86 43 89 33 75 29 22 10 92 77 7 53 47
14 63 29 36 20 29 19 24 75 45 37 41 33 56 52 87 19 27 38 69 94 20 17 17 88 6 75 71 51 9 38 65 80 69 81 42 80 38 74 22 22 47 0 62 23 57 65 79 100 94 24 83 76 14 16 99 84 43 5 75 23 4 19 15 23 68 90 84 22 5 2 90 34 83 20
98 43 52 14 71 41 72 54 61 95 9 64 47 82 83 29 73 79 18 84 54 80 57 97 81 44 24 1 36 68 87 54 52 20 2 62 66 71 19 47 11 32 62 0 13 15 39 23 96 96 81 86 78 22 20 94 59 29 44 61 72 94 27 51 88 5 44 41 54 39 38 16 76 5 93
69 37 34 66 40 87 83 26 38 76 68 23 92 99 39 68 26 5 41 90 40 81 83 17 40 30 41 97 11 19 26 18 33 36 5 54 42 38 76 53 33 85 23 13 0 28 42 79 25 50 16 4 60 95 68 8 3 49 39 78 32 72 65 42 57 56 81 65 95 35 75 37 90 12 81
60 74 40 42 50 42 73 21 94 23 23 29 101 72 92 45 63 37 66 5 8 68 51 47 24 85 45 6 37 67 51 32 15 89 27 94 60 86 61 52 20 17 57 15 28 0 63 57 100 85 7 41 51 36 99 2 14 12 78 36 72 49 2 2 96 21 101 5 43 57 18 41 62 18 12
18 14 39 37 52 27 97 33 54 84 18 87 85 34 81 59 11 2 57 59 32 2 82 64 78 40 98 4 78 82 60 1 15 17 89 22 6 26 1 6 25 21 65 39 42 63 0 84 69 71 40 95 35 8 83 19 44 101 68 86 10 65 100 73 75 22 57 99 64 67 3 58 1 4 47
21 31 51 91 73 6 56 78 62 64 67 59 79 82 44 18 31 84 41 58 91 91 98 50 73 28 34 6 2 90 34 93 34 25 99 54 94 22 78 27 92 32 79 23 79 57 84 0 84 58 20 6 101 10 28 21 53 55 23 68 13 70 66 13 43 57 76 76 67 47 67 35 58 34 31
100 44 94 31 22 58 93 75 72 84 81 5 24 33 54 88 20 23 77 36 21 92 9 75 45 74 81 39 4 85 75 39 56 56 37 71 56 64 7 88 41 61 100 96 25 100 69 84 0 64 55 16 49 12 76 87 51 74 98 52 70 64 90 46 11 96 39 54 10 8 49 22 21 74 66
98 49 14 1 9 84 32 42 75 42 31 69 91 34 96 46 75 83 100 9 28 51 3 43 69 52 92 65 81 13 85 33 22 38 79 14 9 32 87 43 19 2 94 96 50 85 71 58 64 0 51 9 47 25 65 73 83 54 58 84 47 42 43 60 76 58 37 86 31 10 44 1 11 26 24
31 44 77 85 33 40 80 73 15 60 78 94 27 96 99 88 13 4 76 15 19 64 27 60 35 9 5 12 99 81 47 15 55 39 26 69 38 14 87 49 69 77 24 81 16 7 40 20 55 51 0 82 74 19 6 16 12 21 101 32 26 29 72 16 2 8 95 72 61 58 73 13 64 46 14
75 2 100 73 13 56 79 80 97 56 17 20 51 55 13 14 95 68 23 73 58 94 73 29 51 55 16 34 74 86 69 32 60 54 72 45 13 6 43 42 92 45 83 86 4 41 95 6 16 9 82 0 60 66 86 61 64 84 39 3 68 19 6 5 85 83 8 28 35 35 96 18 79 67 18
13 83 83 11 56 34 83 30 15 36 93 100 57 47 11 25 11 35 22 90 51 42 51 41 76 66 20 4 15 87 89 96 40 22 8 17 47 15 67 28 36 8 76 78 60 51 35 101 49 47 74 60 0 46 82 29 47 18 91 41 9 90 42 100 94 39 17 89 32 61 6 15 24 58 5
99 2 91 31 72 59 96 58 90 84 82 31 65 50 60 37 40 79 53 51 33 2 64 55 28 54 82 43 60 61 19 72 78 58 21 86 57 65 32 54 76 71 14 22 95 36 8 10 12 25 19 66 46 0 81 31 64 96 11 62 78 9 89 5 40 76 76 82 26 70 76 31 15 9 43
25 8 15 91 98 79 6 40 21 48 51 3 78 48 24 84 49 83 26 35 37 97 16 29 48 80 77 28 37 28 85 82 77 50 51 85 57 37 31 89 20 31 16 20 68 99 83 28 76 65 6 86 82 81 0 99 89 26 28 74 82 15 99 69 32 38 5 95 17 20 87 61 22 71 30
97 87 25 38 73 38 39 48 72 13 83 6 8 75 38 21 48 31 84 42 85 75 18 15 64 21 85 35 44 76 71 49 73 28 89 96 36 53 4 77 95 29 99 94 8 2 19 21 87 73 16 61 29 31 99 0 8 24 52 66 63 83 10 39 71 36 95 60 71 40 51 78 61 67 26
89 30 91 6 50 86 35 23 12 59 57 79 76 18 77 23 101 4 84 53 20 87 44 22 3 14 57 61 17 10 91 70 15 37 52 46 42 38 14 58 52 93 84 59 3 14 44 53 51 83 12 64 47 64 89 8 0 61 65 72 31 73 36 91 6 51 6 29 17 92 34 60 81 10 55
46 83 75 42 59 9 85 58 39 24 15 15 32 15 24 4 40 17 8 76 41 88 33 50 27 44 98 65 85 91 93 92 14 67 83 18 43 60 48 82 42 90 43 29 49 12 101 55 74 54 21 84 18 96 26 24 61 0 64 92 85 20 11 101 65 40 101 9 4 34 28 41 26 93 43
49 33 56 88 73 6 72 59 12 38 24 18 39 35 45 55 96 31 63 6 59 99 15 16 32 39 85 20 49 28 85 58 4 86 2 25 45 14 21 97 72 83 5 44 39 78 68 23 98 58 101 39 91 11 28 52 65 64 0 17 36 43 86 11 11 82 86 95 41 81 76 11 18 95 55
15 40 5 76 98 51 50 25 36 5 66 91 8 46 81 33 96 69 76 45 83 34 29 90 43 7 45 66 7 80 16 28 13 44 58 72 49 52 84 12 2 8 75 61 78 36 86 68 52 84 32 3 41 62 74 66 72 92 17 0 85 33 1 66 91 48 10 72 27 55 75 31 63 87 27
33 50 91 9 51 73 8 13 50 87 42 88 10 19 87 29 12 71 57 93 58 4 74 54 37 75 26 78 53 19 12 46 100 1 13 91 36 26 51 59 34 70 23 72 32 72 10 13 70 47 26 68 9 78 82 63 31 85 36 85 0 95 12 83 15 27 88 82 40 17 14 38 46 63 28
31 25 80 14 72 101 34 31 60 55 34 55 51 79 28 93 9 11 20 76 57 46 83 14 20 63 38 25 26 79 85 91 45 48 54 90 76 57 33 31 92 89 4 94 72 49 65 70 64 42 29 19 90 9 15 83 73 20 43 33 95 0 57 31 98 92 32 81 30 56 24 12 10 65 81
71 56 6 69 89 80 46 28 97 48 73 10 2 57 51 58 19 13 20 74 19 36 47 67 37 26 24 90 41 89 28 22 96 41 18 38 35 68 41 39 98 86 19 27 65 2 100 66 90 43 72 6 42 89 99 10 36 11 86 1 12 57 0 100 8 60 17 38 68 47 26 37 32 13 35
48 68 58 65 52 49 94 46 94 30 38 52 28 92 42 12 89 5 89 67 20 48 44 4 8 24 32 54 100 37 17 25 83 16 39 78 73 38 29 101 97 43 15 51 42 2 73 13 46 60 16 5 100 5 69 39 91 101 11 66 83 31 100 0 11 33 7 73 55 22 47 4 29 18 29
99 51 16 83 20 31 65 99 46 11 23 94 9 17 17 54 31 61 43 83 71 23 18 82 64 56 77 54 85 99 46 75 82 73 95 96 89 66 82 86 53 89 23 88 57 96 75 43 11 76 2 85 94 40 32 71 6 65 11 91 15 98 8 11 0 29 49 95 91 97 65 74 67 57 46
63 101 6 64 19 33 3 46 67 72 75 83 80 80 91 44 72 57 26 99 86 37 19 63 92 36 49 45 94 80 35 36 86 39 12 11 61 9 83 10 24 33 68 5 56 21 22 57 96 58 8 83 39 76 38 36 51 40 82 48 27 92 60 33 29 0 48 80 82 49 91 32 83 39 49
25 84 47 51 68 65 47 41 9 21 75 43 73 58 60 2 27 47 43 94 6 15 47 15 76 100 75 69 74 29 1 52 55 39 51 72 52 89 96 37 66 75 90 44 81 101 57 76 39 37 95 8 17 76 5 95 6 101 86 10 88 32 17 7 49 48 0 4 99 2 52 21 100 38 97
79 32 36 6 54 10 70 50 20 3 79 2 18 5 45 47 47 32 32 67 24 71 8 60 78 49 42 34 31 86 17 95 71 73 24 70 4 97 42 59 81 29 84 41 65 5 99 76 54 86 72 28 89 82 95 60 29 9 95 72 82 81 38 73 95 80 4 0 79 59 59 100 53 70 55
34 5 50 15 48 18 26 20 8 20 58 63 43 12 5 34 77 58 36 55 13 90 52 16 72 88 61 53 75 95 33 87 8 33 1 11 87 59 90 24 53 22 22 54 95 43 64 67 10 31 61 35 32 26 17 71 17 4 41 27 40 30 68 55 91 82 99 79 0 96 67 95 61 56 76
35 34 58 13 49 89 21 44 36 14 98 8 45 94 66 37 83 62 24 99 32 72 63 70 70 98 48 30 33 57 56 38 13 46 10 91 3 24 86 61 57 10 5 39 35 57 67 47 8 10 58 35 61 70 20 40 92 34 81 55 17 56 47 22 97 49 2 59 96 0 5 31 75 70 58
98 42 36 88 77 68 100 54 30 95 43 100 32 96 28 9 101 68 11 43 31 28 12 86 11 20 6 15 38 70 5 29 19 22 84 14 50 7 63 12 53 92 2 38 75 18 3 67 49 44 73 96 6 76 87 51 34 28 76 75 14 24 26 47 65 91 52 59 67 5 0 67 88 42 70
51 2 3 7 80 80 25 2 10 27 59 84 30 85 24 89 94 59 57 83 32 38 34 42 13 46 4 10 6 32 80 101 3 90 78 54 78 90 79 70 59 77 90 16 37 41 58 35 22 1 13 18 15 31 61 78 60 41 11 31 38 12 37 4 74 32 21 100 95 31 67 0 2 30 79
17 63 51 83 37 70 1 74 79 97 53 30 100 42 97 12 16 43 45 95 59 15 7 32 58 36 39 35 72 23 23 60 83 58 47 49 4 4 33 48 71 7 34 76 90 62 1 58 21 11 64 79 24 15 22 61 81 26 18 63 46 10 32 29 67 83 100 53 61 75 88 2 0 93 51
18 61 71 81 31 57 64 84 92 59 62 92 50 9 74 73 96 39 10 81 88 98 72 93 85 24 93 34 90 56 60 41 44 5 39 48 72 10 101 57 6 53 83 5 12 18 4 34 74 26 46 67 58 9 71 67 10 93 95 87 63 65 13 18 57 39 38 70 56 70 42 30 93 0 47
55 65 96 73 100 69 45 30 97 12 23 76 2 101 75 89 95 27 57 93 47 88 30 23 37 27 62 49 60 81 68 3 22 101 2 28 93 23 62 55 24 47 20 93 81 12 47 31 66 24 14 18 5 43 30 26 55 43 55 27 28 81 35 29 46 49 97 55 76 58 70 79 51 47 0
