0 32 24 100 99 46 66 86 66 35 34 24 61 19 94 100 75 23 9 73 73 28 40 4 35 81 46 10 62 50 94 9 42 37 2 1 71 46 8 70 78 56 99 21 72 50 12 33 23 36 95 62 73 26 42 83 9 58 26 87 67 28 21 78 1 99 9 100 26 25 20 62 101 37 55
32 0 48 61 17 83 24 94 83 50 29 41 17 71 8 22 77 87 48 17 5 43 20 15 75 29 92 54 47 14 17 86 67 51 32 26 74 46 48 83 19 1 71 90 26 62 53 27 49 96 87 73 83 28 69 48 59 4 74 88 2 35 1 99 76 74 60 60 48 48 76 84 16 28 22
24 48 0 15 18 14 51 66 95 12 67 59 15 51 3 32 101 85 42 65 65 84 11 28 42 30 72 9 98 9 20 35 35 2 5 64 32 16 15 65 10 78 39 76 94 94 69 89 69 38 79 16 82 88 13 84 65 44 61 47 34 82 8 26 85 74 69 30 10 48 44 6 88 10 38
100 61 15 0 36 2 38 2 59 82 13 58 20 96 50 8 34 4 86 99 35 54 86 5 52 73 58 88 46 87 53 4 46 98 52 45 99 100 78 86 27 74 78 94 79 92 34 4 45 72 40 100 78 95 36 52 58 51 35 21 50 62 29 68 67 77 72 19 18 74 86 11 48 50 77
99 17 18 36 0 16 36 30 50 60 2 88 77 56 3 40 26 100 34 89 81 84 38 65 72 31 48 73 41 79 72 66 7 58 45 12 10 43 27 97 20 28 7 100 77 78 62 60 11 23 19 59 41 65 23 67 19 13 26 33 81 35 44 100 33 27 73 62 7 11 84 63 73 23 82
46 83 14 2 16 0 17 6 75 48 72 88 6 40 43 79 72 70 26 18 72 54 11 1 28 11 28 48 63 70 30 97 88 78 68 18 92 52 84 84 97 95 5 40 54 15 3 27 76 19 1 69 23 62 42 3 68 22 20 42 15 100 55 65 54 84 42 26 9 16 10 17 64 4 87
66 24 51 38 36 17 0 10 64 37 84 10 29 10 6 51 11 18 4 83 45 13 8 5 20 24 58 51 85 99 63 73 69 3 93 13 91 33 93 58 7 35 41 30 95 37 31 92 86 61 62 22 38 65 30 1 5 12 70 27 83 79 48 34 65 16 40 85 87 82 28 22 27 86 13
86 94 66 2 30 6 10 0 22 9 46 75 1 87 17 54 42 50 89 34 3 14 30 30 55 10 70 52 76 54 71 64 25 97 75 49 88 80 57 33 59 38 100 40 4 35 89 55 44 101 24 34 44 34 58 85 37 65 83 93 2 2 70 21 1 50 93 21 91 45 72 53 54 17 18
66 83 95 59 50 75 64 22 0 41 80 101 58 67 62 101 19 63 21 41 50 26 99 68 16 1 53 8 44 40 86 67 92 72 44 79 99 80 69 3 9 55 20 93 65 75 11 48 99 86 9 37 14 87 2 29 77 60 54 67 63 63 100 9 53 101 69 54 81 41 74 85 58 27 7
35 50 12 82 60 48 37 9 41 0 96 64 10 17 15 24 82 51 54 48 85 29 51 90 28 79 42 44 11 1 44 90 83 97 93 25 33 75 26 73 95 27 92 19 57 78 39 44 47 101 46 79 73 99 48 31 7 12 67 52 19 32 94 100 18 18 96 3 76 73 40 17 92 70 83
34 29 67 13 2 72 84 46 80 96 0 80 69 16 18 52 7 97 73 33 82 35 72 7 72 38 43 52 27 53 60 73 77 74 38 4 31 1 21 85 66 33 19 33 21 66 57 36 35 101 84 26 16 5 26 86 84 82 14 58 61 13 98 84 41 64 60 54 50 20 52 85 51 82 31
24 41 59 58 88 88 10 75 101 64 80 0 27 7 42 50 48 1 75 9 48 60 62 66 98 86 10 36 82 92 80 57 97 8 53 16 37 99 21 25 94 69 26 64 36 67 75 67 74 75 44 29 47 14 8 36 1 82 46 12 6 60 35 17 93 91 71 34 96 33 70 25 18 10 100
61 17 15 20 77 6 29 1 58 10 69 27 0 2 15 73 73 63 73 100 77 41 78 48 14 24 63 57 14 91 44 5 93 34 45 25 57 101 68 95 55 49 59 32 40 58 87 99 97 53 28 13 59 39 72 59 54 53 54 21 77 41 82 78 75 93 71 80 30 80 92 76 75 96 67
19 71 51 96 56 40 10 87 67 17 16 7 2 0 59 87 21 54 84 78 59 28 101 83 46 57 41 95 70 48 47 89 33 52 73 51 99 55 29 22 38 34 92 59 98 89 81 11 30 24 20 51 83 2 87 51 56 37 69 67 96 1 2 81 5 86 31 101 41 39 82 84 16 42 62
94 8 3 50 3 43 6 17 62 15 18 42 15 59 0 76 25 36 29 45 53 13 67 91 94 2 13 44 65 1 27 76 5 78 70 35 21 80 63 63 63 13 13 43 14 80 35 58 89 33 7 38 82 43 101 47 1 87 73 93 78 88 37 5 24 70 99 94 30 18 7 29 33 29 43
100 22 32 8 40 79 51 54 101 24 52 50 73 87 76 0 49 91 72 42 87 24 72 17 92 93 87 5 70 68 14 9 49 57 49 30 65 49 99 98 13 71 3 6 82 47 75 77 80 53 78 78 5 26 80 85 80 92 50 89 41 94 24 95 51 56 73 75 21 48 37 49 71 1 34
75 77 101 34 26 72 11 42 19 82 7 48 73 21 25 49 0 69 73 90 56 42 81 90 12 76 53 72 11 34 32 52 84 58 85 43 83 10 61 61 42 94 73 48 32 25 15 16 24 90 50 48 32 25 12 2 29 75 66 22 19 93 58 20 47 83 4 29 27 59 70 101 79 39 61
23 87 85 4 100 70 18 50 63 51 97 1 63 54 36 91 69 0 38 48 15 82 31 10 66 25 76 43 38 58 6 45 62 95 16 95 18 19 25 71 9 57 18 46 59 51 88 100 4 76 12 101 83 20 55 11 11 74 22 14 25 31 57 19 8 25 22 63 55 65 61 35 28 30 24
9 48 42 86 34 26 4 89 21 54 73 75 73 84 29 72 73 38 0 62 14 1 65 20 3 47 10 14 52 11 99 88 100 59 93 76 84 41 60 10 93 33 64 70 77 64 10 10 82 61 2 46 47 95 41 17 81 15 74 1 59 21 15 36 83 9 4 25 39 45 25 68 84 52 42
73 17 65 99 89 18 83 34 41 48 33 9 100 78 45 42 90 48 62 0 48 42 37 92 43 29 6 77 48 7 32 6 44 16 66 52 36 87 78 31 11 47 13 33 59 63 95 77 17 55 34 44 32 23 58 59 80 59 94 20 26 69 81 78 34 91 2 101 26 83 40 74 15 84 32
73 5 65 35 81 72 45 3 50 85 82 48 77 59 53 87 56 15 14 48 0 3 39 44 47 84 24 54 42 38 50 11 21 13 76 35 55 41 81 23 70 80 24 13 17 17 81 39 24 47 11 17 16 33 93 78 69 5 73 26 43 57 3 43 42 13 95 18 46 8 32 23 58 77 61
28 43 84 54 84 54 13 14 26 29 35 60 41 28 13 24 42 82 1 42 3 0 55 13 11 84 63 79 6 41 63 13 14 81 5 13 50 69 22 90 73 91 83 90 24 15 83 37 48 35 68 1 52 31 14 43 73 51 63 37 34 40 29 48 62 4 32 15 59 13 61 18 70 49 73
40 20 11 86 38 11 8 30 99 51 72 62 78 101 67 72 81 31 65 37 39 55 0 74 67 24 2 30 76 27 24 75 61 96 35 45 60 95 47 12 48 87 9 66 91 50 46 22 79 67 84 62 44 86 12 72 63 58 30 74 3 47 8 91 70 68 12 30 98 53 47 60 38 20 5
4 15 28 5 65 1 5 30 68 90 7 66 48 83 91 17 90 10 20 92 44 13 74 0 39 37 29 57 2 17 71 12 1 15 78 95 78 75 37 52 14 59 58 34 16 32 48 29 23 73 82 66 83 10 73 4 29 73 76 87 59 49 101 19 97 32 7 42 96 45 72 92 65 81 92
35 75 42 52 72 28 20 55 16 28 72 98 14 46 94 92 12 66 3 43 47 11 67 39 0 67 79 94 22 70 91 45 33 61 3 21 56 59 67 46 48 49 68 97 93 99 31 68 64 94 63 10 2 76 99 4 99 70 46 32 12 39 6 4 6 13 35 68 3 69 95 39 34 29 9
81 29 30 73 31 11 24 10 1 79 38 86 24 57 2 93 76 25 47 29 84 84 24 37 67 0 60 4 97 50 35 8 9 60 49 61 94 30 10 37 38 95 87 73 74 15 8 68 23 24 19 20 56 92 45 14 83 99 28 97 34 15 86 9 45 92 95 85 53 32 39 49 14 78 7
46 92 72 58 48 28 58 70 53 42 43 10 63 41 13 87 53 76 10 6 24 63 2 29 79 60 0 50 75 37 69 28 19 79 79 66 82 13 2 46 13 47 68 95 2 77 41 91 14 99 44 50 78 19 44 81 62 88 99 74 20 88 28 79 14 33 11 101 56 92 47 31 77 1 85
10 54 9 88 73 48 51 52 8 44 52 36 57 95 44 5 72 43 14 77 54 79 30 57 94 4 50 0 65 67 33 6 23 38 57 64 60 54 70 53 84 73 28 20 81 2 64 39 77 43 38 26 86 56 66 27 38 43 70 93 35 75 86 9 46 50 52 98 37 10 11 93 67 24 73
62 47 98 46 41 63 85 76 44 11 27 82 14 70 65 70 11 38 52 48 42 6 76 2 22 97 75 65 0 40 6 54 92 51 25 14 38 74 65 92 73 37 51 23 70 41 20 32 62 51 67 38 14 65 93 68 57 85 83 61 21 80 79 37 19 14 68 99 35 1 88 19 88 62 101
50 14 9 87 79 70 99 54 40 1 53 92 91 48 1 68 34 58 11 7 38 41 27 17 70 50 37 67 40 0 3 88 25 79 90 40 90 6 63 76 84 32 20 9 59 36 62 98 94 32 63 78 20 69 82 56 31 13 80 12 59 5 75 8 7 50 101 19 90 67 43 40 21 31 11
94 17 20 53 72 30 63 71 86 44 60 80 44 47 27 14 32 6 99 32 50 63 24 71 91 35 69 33 6 3 0 98 84 76 65 90 6 94 82 69 97 10 73 85 38 4 57 11 79 22 5 53 100 82 20 29 31 52 40 101 4 39 53 24 56 8 96 61 75 49 67 46 37 98 32
9 86 35 4 66 97 73 64 67 90 73 57 5 89 76 9 52 45 88 6 11 13 75 12 45 8 28 6 54 88 98 0 33 29 78 58 50 46 62 72 74 22 39 97 36 19 81 13 73 75 22 101 56 39 50 60 2 45 53 76 39 92 96 17 22 94 97 71 57 80 29 92 11 4 77
42 67 35 46 7 88 69 25 92 83 77 97 93 33 5 49 84 62 100 44 21 14 61 1 33 9 19 23 92 25 84 33 0 8 53 82 12 17 82 20 2 78 21 36 91 66 26 78 86 16 92 91 12 80 60 22 22 43 87 28 74 40 56 32 58 13 30 42 74 74 26 51 59 92 28
37 51 2 98 58 78 3 97 72 97 74 8 34 52 78 57 58 95 59 16 13 81 96 15 61 60 79 38 51 79 76 29 8 0 37 69 81 67 90 57 85 49 71 35 91 100 30 97 34 25 55 53 22 63 29 85 63 61 98 77 23 57 15 46 41 79 17 22 10 16 44 31 25 7 60
2 32 5 52 45 68 93 75 44 93 38 53 45 73 70 49 85 16 93 66 76 5 35 78 3 49 79 57 25 90 65 78 53 37 0 69 84 36 4 76 8 63 19 77 96 15 51 30 46 36 33 50 55 9 28 13 15 40 70 28 82 19 22 11 64 14 12 81 16 80 97 41 100 85 27
1 26 64 45 12 18 13 49 79 25 4 16 25 51 35 30 43 95 76 52 35 13 45 95 21 61 66 64 14 40 90 58 82 69 69 0 60 59 43 66 10 5 81 73 47 10 83 3 20 8 18 80 31 54 52 55 87 55 10 7 80 39 25 50 25 43 27 83 78 72 46 13 97 42 50
71 74 32 99 10 92 91 88 99 33 31 37 57 99 21 65 83 18 84 36 55 50 60 78 56 94 82 60 38 90 6 50 12 81 84 60 0 74 4 80 53 88 16 93 26 86 97 44 85 31 22 82 44 50 70 57 83 40 94 89 40 87 46 42 7 39 36 83 8 91 27 94 63 40 2
46 46 16 100 43 52 33 80 80 75 1 99 101 55 80 49 10 19 41 87 41 69 95 75 59 30 13 54 74 6 94 46 17 67 36 59 74 0 21 37 13 18 9 68 35 69 67 96 40 27 79 5 15 84 22 4 46 94 69 67 3 15 70 101 45 58 92 50 95 84 53 49 43 72 19
8 48 15 78 27 84 93 57 69 26 21 21 68 29 63 99 61 25 60 78 81 22 47 37 67 10 2 70 65 63 82 62 82 90 4 43 4 21 0 27 52 10 33 57 66 92 83 100 68 16 54 45 17 50 12 99 5 74 34 82 97 15 75 80 14 100 75 28 23 28 49 52 90 95 35
70 83 65 86 97 84 58 33 3 73 85 25 95 22 63 98 61 71 10 31 23 90 12 52 46 37 46 53 92 76 69 72 20 57 76 66 80 37 27 0 66 25 7 36 12 30 71 74 87 9 64 40 63 38 95 19 52 37 5 2 1 90 60 99 43 21 6 50 15 56 81 70 93 71 30
78 19 10 27 20 97 7 59 9 95 66 94 55 38 63 13 42 9 93 11 70 73 48 14 48 38 13 84 73 84 97 74 2 85 8 10 53 13 52 66 0 36 75 57 56 55 24 25 34 6 80 83 49 10 13 85 3 48 24 35 49 3 60 38 34 53 94 4 28 80 81 54 41 79 12
56 1 78 74 28 95 35 38 55 27 33 69 49 34 13 71 94 57 33 47 80 91 87 59 49 95 47 73 37 32 10 22 78 49 63 5 88 18 10 25 36 0 67 32 86 72 26 37 12 46 56 71 19 93 97 84 17 15 72 1 48 25 67 42 62 85 68 37 64 94 39 35 61 67 20
99 71 39 78 7 5 41 100 20 92 19 26 59 92 13 3 73 18 64 13 24 83 9 58 68 87 68 28 51 20 73 39 21 71 19 81 16 9 33 7 75 67 0 96 82 98 69 13 98 53 55 54 6 99 19 34 77 73 52 61 49 29 85 1 29 40 22 15 50 78 81 2 59 15 17
21 90 76 94 100 40 30 40 93 19 33 64 32 59 43 6 48 46 70 33 13 90 66 34 97 73 95 20 23 9 85 97 36 35 77 73 93 68 57 36 57 32 96 0 65 33 18 93 78 53 23 66 21 39 23 26 47 21 40 13 50 7 51 4 19 89 43 98 4 7 77 88 78 49 16
72 26 94 79 77 54 95 4 65 57 21 36 40 98 14 82 32 59 77 59 17 24 91 16 93 74 2 81 70 59 38 36 91 91 96 47 26 35 66 12 56 86 82 65 0 78 44 6 86 33 25 69 18 23 4 33 48 35 76 18 91 9 45 92 37 65 98 56 95 82 36 55 26 19 30
50 62 94 92 78 15 37 35 75 78 66 67 58 89 80 47 25 51 64 63 17 15 50 32 99 15 77 2 41 36 4 19 66 100 15 10 86 69 92 30 55 72 98 33 78 0 1 38 10 1 43 50 69 59 93 76 47 58 49 39 17 56 13 52 50 73 10 83 33 6 23 63 61 71 18
12 53 69 34 62 3 31 89 11 39 57 75 87 81 35 75 15 88 10 95 81 83 46 48 31 8 41 64 20 62 57 81 26 30 51 83 97 67 83 71 24 26 69 18 44 1 0 14 86 57 38 61 32 8 37 10 31 69 101 92 31 10 95 51 80 76 41 51 74 90 20 14 98 8 75
33 27 89 4 60 27 92 55 48 44 36 67 99 11 58 77 16 100 10 77 39 37 22 29 68 68 91 39 32 98 11 13 78 97 30 3 44 96 100 74 25 37 13 93 6 38 14 0 13 24 74 97 70 77 79 99 29 27 17 13 73 25 28 82 33 91 15 57 49 33 12 32 4 89 84
23 49 69 45 11 76 86 44 99 47 35 74 97 30 89 80 24 4 82 17 24 48 79 23 64 23 14 77 62 94 79 73 86 34 46 20 85 40 68 87 34 12 98 78 86 10 86 13 0 65 62 92 98 69 24 25 61 74 77 12 29 5 5 3 64 71 68 74 86 84 79 33 47 51 33
36 96 38 72 23 19 61 101 86 101 101 75 53 24 33 53 90 76 61 55 47 35 67 73 94 24 99 43 51 32 22 75 16 25 36 8 31 27 16 9 6 46 53 53 33 1 57 24 65 0 60 35 97 26 52 1 61 68 10 84 6 5 1 24 60 8 91 83 80 91 1 3 82 56 22
95 87 79 40 19 1 62 24 9 46 84 44 28 20 7 78 50 12 2 34 11 68 84 82 63 19 44 38 67 63 5 22 92 55 33 18 22 79 54 64 80 56 55 23 25 43 38 74 62 60 0 100 7 99 33 3 47 40 53 13 76 7 98 27 73 88 83 29 56 59 54 46 48 92 86
62 73 16 100 59 69 22 34 37 79 26 29 13 51 38 78 48 101 46 44 17 1 62 66 10 20 50 26 38 78 53 101 91 53 50 80 82 5 45 40 83 71 54 66 69 50 61 97 92 35 100 0 95 5 27 74 92 40 8 29 7 47 65 56 96 99 15 6 52 68 3 28 83 68 23
73 83 82 78 41 23 38 44 14 73 16 47 59 83 82 5 32 83 47 32 16 52 44 83 2 56 78 86 14 20 100 56 12 22 55 31 44 15 17 63 49 19 6 21 18 69 32 70 98 97 7 95 0 26 31 9 36 98 27 15 34 36 67 40 5 61 68 77 47 72 81 87 77 56 67
26 28 88 95 65 62 65 34 87 99 5 14 39 2 43 26 25 20 95 23 33 31 86 10 76 92 19 56 65 69 82 39 80 63 9 54 50 84 50 38 10 93 99 39 23 59 8 77 69 26 99 5 26 0 17 3 92 22 20 66 59 56 54 45 59 31 11 65 100 37 71 84 66 12 101
42 69 13 36 23 42 30 58 2 48 26 8 72 87 101 80 12 55 41 58 93 14 12 73 99 45 44 66 93 82 20 50 60 29 28 52 70 22 12 95 13 97 19 23 4 93 37 79 24 52 33 27 31 17 0 73 1 3 49 58 93 74 17 26 37 62 77 92 70 94 18 20 48 20 26
83 48 84 52 67 3 1 85 29 31 86 36 59 51 47 85 2 11 17 59 78 43 72 4 4 14 81 27 68 56 29 60 22 85 13 55 57 4 99 19 85 84 34 26 33 76 10 99 25 1 3 74 9 3 73 0 14 23 96 56 60 75 81 42 48 44 19 1 52 19 44 56 43 94 8
9 59 65 58 19 68 5 37 77 7 84 1 54 56 1 80 29 11 81 80 69 73 63 29 99 83 62 38 57 31 31 2 22 63 15 87 83 46 5 52 3 17 77 47 48 47 31 29 61 61 47 92 36 92 1 14 0 36 99 89 69 90 7 45 45 9 8 37 61 6 57 91 39 18 21
58 4 44 51 13 22 12 65 60 12 82 82 53 37 87 92 75 74 15 59 5 51 58 73 70 99 88 43 85 13 52 45 43 61 40 55 40 94 74 37 48 15 73 21 35 58 69 27 74 68 40 40 98 22 3 23 36 0 85 74 71 10 99 5 100 15 37 91 95 47 23 44 35 86 49
26 74 61 35 26 20 70 83 54 67 14 46 54 69 73 50 66 22 74 94 73 63 30 76 46 28 99 70 83 80 40 53 87 98 70 10 94 69 34 5 24 72 52 40 76 49 101 17 77 10 53 8 27 20 49 96 99 85 0 36 27 94 40 13 64 58 60 6 68 19 43 31 101 49 93
87 88 47 21 33 42 27 93 67 52 58 12 21 67 93 89 22 14 1 20 26 37 74 87 32 97 74 93 61 12 101 76 28 77 28 7 89 67 82 2 35 1 61 13 18 39 92 13 12 84 13 29 15 66 58 56 89 74 36 0 78 87 16 69 63 64 89 76 70 38 8 29 37 48 80
67 2 34 50 81 15 83 2 63 19 61 6 77 96 78 41 19 25 59 26 43 34 3 59 12 34 20 35 21 59 4 39 74 23 82 80 40 3 97 1 49 48 49 50 91 17 31 73 29 6 76 7 34 59 93 60 69 71 27 78 0 39 3 40 55 3 12 20 43 87 11 37 5 74 55
28 35 82 62 35 100 79 2 63 32 13 60 41 1 88 94 93 31 21 69 57 40 47 49 39 15 88 75 80 5 39 92 40 57 19 39 87 15 15 90 3 25 29 7 9 56 10 25 5 5 7 47 36 56 74 75 90 10 94 87 39 0 83 5 60 47 76 18 44 84 32 38 34 89 30
21 1 8 29 44 55 48 70 100 94 98 35 82 2 37 24 58 57 15 81 3 29 8 101 6 86 28 86 79 75 53 96 56 15 22 25 46 70 75 60 60 67 85 51 45 13 95 28 5 1 98 65 67 54 17 81 7 99 40 16 3 83 0 43 13 58 28 32 66 25 63 69 97 31 91
78 99 26 68 100 65 34 21 9 100 84 17 78 81 5 95 20 19 36 78 43 48 91 19 4 9 79 9 37 8 24 17 32 46 11 50 42 101 80 99 38 42 1 4 92 52 51 82 3 24 27 56 40 45 26 42 45 5 13 69 40 5 43 0 41 95 75 53 70 59 79 52 82 10 7
1 76 85 67 33 54 65 1 53 18 41 93 75 5 24 51 47 8 83 34 42 62 70 97 6 45 14 46 19 7 56 22 58 41 64 25 7 45 14 43 34 62 29 19 37 50 80 33 64 60 73 96 5 59 37 48 45 100 64 63 55 60 13 41 0 11 31 35 75 12 35 94 77 43 25
99 74 74 77 27 84 16 50 101 18 64 91 93 86 70 56 83 25 9 91 13 4 68 32 13 92 33 50 14 50 8 94 13 79 14 43 39 58 100 21 53 85 40 89 65 73 76 91 71 8 88 99 61 31 62 44 9 15 58 64 3 47 58 95 11 0 49 83 38 32 25 12 75 42 38
9 60 69 72 73 42 40 93 69 96 60 71 71 31 99 73 4 22 4 2 95 32 12 7 35 95 11 52 68 101 96 97 30 17 12 27 36 92 75 6 94 68 22 43 98 10 41 15 68 91 83 15 68 11 77 19 8 37 60 89 12 76 28 75 31 49 0 4 85 55 60 60 9 75 87
100 60 30 19 62 26 85 21 54 3 54 34 80 101 94 75 29 63 25 101 18 15 30 42 68 85 101 98 99 19 61 71 42 22 81 83 83 50 28 50 4 37 15 98 56 83 51 57 74 83 29 6 77 65 92 1 37 91 6 76 20 18 32 53 35 83 4 0 95 7 62 4 50 48 71
26 48 10 18 7 9 87 91 81 76 50 96 30 41 30 21 27 55 39 26 46 59 98 96 3 53 56 37 35 90 75 57 74 10 16 78 8 95 23 15 28 64 50 4 95 33 74 49 86 80 56 52 47 100 70 52 61 95 68 70 43 44 66 70 75 38 85 95 0 2 37 40 31 33 56
25 48 48 74 11 16 82 45 41 73 20 33 80 39 18 48 59 65 45 83 8 13 53 45 69 32 92 10 1 67 49 80 74 16 80 72 91 84 28 56 80 94 78 7 82 6 90 33 84 91 59 68 72 37 94 19 6 47 19 38 87 84 25 59 12 32 55 7 2 0 63 29 46 62 80
20 76 44 86 84 10 28 72 74 40 52 70 92 82 7 37 70 61 25 40 32 61 47 72 95 39 47 11 88 43 67 29 26 44 97 46 27 53 49 81 81 39 81 77 36 23 20 12 79 1 54 3 81 71 18 44 57 23 43 8 11 32 63 79 35 25 60 62 37 63 0 11 54 38 4
62 84 6 11 63 17 22 53 85 17 85 25 76 84 29 49 101 35 68 74 23 18 60 92 39 49 31 93 19 40 46 92 51 31 41 13 94 49 52 70 54 35 2 88 55 63 14 32 33 3 46 28 87 84 20 56 91 44 31 29 37 38 69 52 94 12 60 4 40 29 11 0 76 9 99
101 16 88 48 73 64 27 54 58 92 51 18 75 16 33 71 79 28 84 15 58 70 38 65 34 14 77 67 88 21 37 11 59 25 100 97 63 43 90 93 41 61 59 78 26 61 98 4 47 82 48 83 77 66 48 43 39 35 101 37 5 34 97 82 77 75 9 50 31 46 54 76 0 94 48
37 28 10 50 23 4 86 17 27 70 82 10 96 42 29 1 39 30 52 84 77 49 20 81 29 78 1 24 62 31 98 4 92 7 85 42 40 72 95 71 79 67 15 49 19 71 8 89 51 56 92 68 56 12 20 94 18 86 49 48 74 89 31 10 43 42 75 48 33 62 38 9 94 0 8
55 22 38 77 82 87 13 18 7 83 31 100 67 62 43 34 61 24 42 32 61 73 5 92 9 7 85 73 101 11 32 77 28 60 27 50 2 19 35 30 12 20 17 16 30 18 75 84 33 22 86 23 67 101 26 8 21 49 93 80 55 30 91 7 25 38 87 71 56 80 4 99 48 8 0
