0 25 69 94 86 57 49 80 49 19 40 93 30 87 19 61 61 87 64 5 65 79 36 34 60 51 35 34 45 65 78 82 101 30 81 14 21 63 55 9 45 90 8 34 4 74 41 23 14 10 50 93 24 4 48 6 79 17 72 49 24 69 81 58 38 69 37 98 18 17 1 80 22 38 53
25 0 4 15 46 97 60 28 50 9 82 26 5 26 84 12 69 39 58 78 49 4 54 96 17 40 26 80 31 91 27 79 33 21 30 101 10 93 79 71 17 33 75 1 48 3 85 44 60 82 48 59 28 79 25 99 40 98 71 90 50 42 73 34 100 32 96 86 71 77 21 47 2 41 64
69 4 0 44 92 47 31 20 101 42 10 16 81 87 31 51 68 48 72 101 14 33 2 75 99 80 13 56 89 53 51 89 62 52 42 29 84 24 30 75 69 24 34 76 77 79 8 93 22 39 93 67 70 76 55 59 51 61 100 91 94 48 74 8 52 25 41 61 77 26 32 43 63 32 99
94 15 44 0 35 75 80 94 74 7 66 30 96 9 56 99 92 89 63 75 52 61 49 7 35 35 54 80 24 53 75 76 56 46 31 32 84 16 54 41 71 10 20 3 56 48 32 59 12 37 7 96 69 59 22 50 15 51 61 76 5 1 98 76 21 77 71 85 34 41 45 12 50 64 93
86 46 92 35 0 100 5 7 53 75 13 97 33 101 60 46 68 25 10 34 47 48 37 77 59 1 87 43 70 51 5 41 31 33 74 68 2 36 2 13 19 66 79 85 7 71 6 34 76 43 2 74 23 40 36 9 6 100 27 75 49 41 64 94 85 7 38 86 81 64 17 45 45 63 34
57 97 47 75 100 0 74 54 21 44 26 35 50 1 41 44 38 77 48 76 78 27 64 10 18 16 36 67 59 58 35 67 47 22 7 1 3 89 17 57 2 95 3 101 96 61 39 92 12 72 69 20 85 89 64 77 15 68 1 82 95 76 81 45 56 54 21 86 87 52 23 21 98 71 74
49 60 31 80 5 74 0 26 1 96 46 14 47 39 25 74 5 13 41 79 38 73 58 88 57 50 24 6 55 93 12 16 75 32 73 97 15 12 72 28 97 90 17 54 22 52 51 23 72 50 39 28 70 16 28 19 97 16 68 43 73 57 73 100 17 20 46 32 29 49 42 58 46 64 75
80 28 20 94 7 54 26 0 59 11 39 26 38 36 38 91 76 32 10 53 10 34 94 28 12 45 45 77 15 29 3 46 50 63 69 9 20 27 79 99 2 70 4 76 62 16 46 52 12 5 68 34 1 70 8 29 24 78 95 12 28 44 75 79 55 41 9 81 56 5 47 27 88 94 75
49 50 101 74 53 21 1 59 0 83 51 16 54 49 11 73 56 101 35 19 88 32 15 33 5 1 91 47 86 61 49 91 9 44 53 48 32 39 16 31 39 51 17 80 73 91 84 6 51 50 12 71 16 77 4 76 84 30 4 78 92 91 26 50 75 83 53 21 22 87 68 26 10 24 76
19 9 42 7 75 44 96 11 83 0 20 77 85 91 43 7 21 101 69 34 89 81 77 98 73 61 35 23 90 72 63 21 61 10 73 9 22 8 39 3 65 73 21 45 53 69 63 11 64 88 97 73 22 66 60 56 41 32 92 87 38 22 8 91 69 83 1 8 47 64 21 53 5 50 26
40 82 10 66 13 26 46 39 51 20 0 17 9 14 81 57 31 101 88 22 50 88 69 43 67 86 66 82 73 54 94 58 78 5 49 70 24 94 42 85 45 53 46 95 36 35 46 71 33 37 76 78 67 73 67 15 92 3 16 34 80 99 58 21 42 80 15 47 72 65 51 25 69 85 8
93 26 16 30 97 35 14 26 16 77 17 0 2 83 34 83 34 25 60 34 75 24 41 99 53 56 93 43 8 86 99 58 84 82 101 66 32 41 54 20 60 101 60 50 84 17 16 9 12 49 86 4 46 81 48 59 74 91 84 78 71 93 101 80 42 15 5 35 41 5 72 89 72 2 58
30 5 81 96 33 50 47 38 54 85 9 2 0 27 74 52 18 54 65 71 50 31 46 51 9 39 30 1 60 22 57 35 41 74 4 63 72 33 98 3 35 72 80 45 80 16 64 39 54 64 43 20 95 72 73 45 66 58 44 15 68 93 67 36 61 27 50 65 17 33 74 3 13 41 37
87 26 87 9 101 1 39 36 49 91 14 83 27 0 43 39 40 91 80 12 95 85 27 4 97 51 33 72 10 71 92 28 11 5 8 80 64 98 22 47 41 7 5 84 84 55 57 78 93 12 89 10 65 59 99 25 14 67 56 58 24 96 97 4 40 8 47 18 13 47 32 37 96 16 27
19 84 31 56 60 41 25 38 11 43 81 34 74 43 0 58 38 90 69 51 5 26 42 74 96 30 10 13 86 76 24 3 57 80 48 75 74 1 27 43 50 67 55 27 55 19 90 81 37 14 15 38 88 72 91 85 54 62 33 9 86 99 99 67 98 42 90 9 73 18 18 101 66 74 42
61 12 51 99 46 44 74 91 73 7 57 83 52 39 58 0 94 30 61 94 17 98 73 101 48 22 19 36 42 24 62 69 62 70 18 45 70 77 89 85 36 84 26 30 63 77 25 98 97 25 71 29 67 57 94 86 43 11 59 88 101 63 33 32 68 12 94 97 91 19 36 59 24 68 26
61 69 68 92 68 38 5 76 56 21 31 34 18 40 38 94 0 101 20 69 81 71 86 48 15 58 39 65 59 66 24 72 5 24 32 12 71 43 86 32 49 32 83 69 9 74 83 72 20 65 27 11 81 10 87 55 30 40 64 38 26 67 9 78 79 27 88 40 72 48 76 28 22 72 7
87 39 48 89 25 77 13 32 101 101 101 25 54 91 90 30 101 0 51 32 1 46 76 68 17 89 66 45 70 10 82 85 68 1 37 80 22 41 24 101 19 3 64 89 60 92 17 42 83 77 29 41 32 72 81 94 30 22 43 38 37 71 26 99 78 11 36 91 86 96 45 42 52 25 34
64 58 72 63 10 48 41 10 35 69 88 60 65 80 69 61 20 51 0 63 13 75 59 42 26 40 47 14 94 17 85 92 20 27 33 82 96 47 97 65 48 43 4 7 13 38 71 61 11 12 4 35 101 60 4 16 56 48 52 52 26 94 94 72 43 15 21 96 50 27 3 56 101 63 50
5 78 101 75 34 76 79 53 19 34 22 34 71 12 51 94 69 32 63 0 80 32 63 25 73 51 91 68 26 93 67 33 83 54 20 53 44 50 40 87 40 11 36 74 93 54 73 13 45 52 93 60 27 71 100 91 51 94 17 29 80 62 87 14 90 10 50 20 45 12 38 88 18 62 72
65 49 14 52 47 78 38 10 88 89 50 75 50 95 5 17 81 1 13 80 0 88 13 31 10 33 70 31 64 37 48 86 69 79 64 34 82 3 83 57 63 72 11 32 47 94 43 6 81 77 3 26 61 70 38 36 8 23 11 25 15 95 74 52 6 15 12 10 63 8 14 45 88 95 44
79 4 33 61 48 27 73 34 32 81 88 24 31 85 26 98 71 46 75 32 88 0 51 76 40 90 48 52 65 42 32 30 12 73 78 100 13 91 68 45 66 24 51 93 4 24 8 62 66 40 19 25 87 6 74 19 1 71 37 74 23 98 3 101 45 65 82 8 44 93 37 94 13 17 38
36 54 2 49 37 64 58 94 15 77 69 41 46 27 42 73 86 76 59 63 13 51 0 80 56 75 95 34 27 82 16 86 82 14 55 41 57 28 11 5 84 62 53 15 84 43 57 90 52 12 39 29 100 26 47 7 62 38 3 69 65 90 68 25 24 77 31 41 74 63 76 21 58 41 64
34 96 75 7 77 10 88 28 33 98 43 99 51 4 74 101 48 68 42 25 31 76 80 0 83 89 41 12 57 20 101 38 62 88 64 54 85 75 28 3 6 9 40 29 91 77 36 96 67 84 97 18 13 50 81 5 35 2 56 100 42 46 46 55 73 34 84 2 40 24 24 33 25 36 40
60 17 99 35 59 18 57 12 5 73 67 53 9 97 96 48 15 17 26 73 10 40 56 83 0 4 7 88 57 69 25 94 60 79 23 94 77 62 20 89 83 22 60 55 77 26 78 97 50 86 13 30 33 71 82 6 33 40 14 98 81 5 6 57 39 67 44 36 86 45 6 12 92 76 65
51 40 80 35 1 16 50 45 1 61 86 56 39 51 30 22 58 89 40 51 33 90 75 89 4 0 10 69 2 85 101 81 35 22 71 52 21 74 100 50 39 45 63 62 59 60 68 2 85 18 10 77 74 76 3 58 30 26 37 50 87 50 75 32 95 95 38 60 91 79 51 23 53 35 9
35 26 13 54 87 36 24 45 91 35 66 93 30 33 10 19 39 66 47 91 70 48 95 41 7 10 0 34 89 87 48 38 97 96 51 26 89 44 83 12 13 37 87 71 5 52 34 43 40 98 84 5 5 83 14 2 41 14 64 99 78 49 90 94 73 14 32 13 27 63 77 71 70 33 86
34 80 56 80 43 67 6 77 47 23 82 43 1 72 13 36 65 45 14 68 31 52 34 12 88 69 34 0 71 68 9 75 79 46 31 12 98 38 87 7 56 28 6 29 90 62 30 55 77 78 20 42 42 75 92 41 40 87 65 22 79 19 29 16 98 10 44 93 95 32 49 46 56 48 77
45 31 89 24 70 59 55 15 86 90 73 8 60 10 86 42 59 70 94 26 64 65 27 57 57 2 89 71 0 40 91 86 12 48 42 11 67 14 16 43 59 57 14 47 11 65 64 13 4 65 95 19 59 61 74 49 80 79 27 85 97 51 13 23 67 86 37 74 67 36 36 5 55 26 23
65 91 53 53 51 58 93 29 61 72 54 86 22 71 76 24 66 10 17 93 37 42 82 20 69 85 87 68 40 0 10 91 97 51 34 84 4 49 68 7 69 49 47 16 44 23 39 100 5 95 21 4 38 97 10 18 7 66 63 16 98 33 75 81 98 45 76 58 52 45 31 36 84 97 72
78 27 51 75 5 35 12 3 49 63 94 99 57 92 24 62 24 82 85 67 48 32 16 101 25 101 48 9 91 10 0 77 25 78 56 36 75 4 65 35 20 49 58 19 77 34 52 83 42 54 77 17 46 49 4 24 47 21 51 73 20 96 100 22 42 76 28 97 9 67 75 54 41 86 53
82 79 89 76 41 67 16 46 91 21 58 58 35 28 3 69 72 85 92 33 86 30 86 38 94 81 38 75 86 91 77 0 98 79 96 12 30 18 96 43 60 55 93 65 43 5 31 84 8 59 41 72 96 78 56 35 44 41 21 12 53 68 97 7 82 50 81 1 24 27 68 4 56 83 93
101 33 62 56 31 47 75 50 9 61 78 84 41 11 57 62 5 68 20 83 69 12 82 62 60 35 97 79 12 97 25 98 0 80 82 96 62 55 81 12 24 28 37 97 67 11 100 19 47 41 95 76 60 89 53 22 57 23 62 101 37 92 70 24 64 50 82 22 78 15 48 51 74 18 25
30 21 52 46 33 22 32 63 44 10 5 82 74 5 80 70 24 1 27 54 79 73 14 88 79 22 96 46 48 51 78 79 80 0 16 11 52 63 90 33 48 58 26 100 16 48 39 30 84 11 3 85 77 32 7 45 74 4 88 59 11 81 53 79 78 40 69 59 84 89 1 49 96 27 72
81 30 42 31 74 7 73 69 53 73 49 101 4 8 48 18 32 37 33 20 64 78 55 64 23 71 51 31 42 34 56 96 82 16 0 93 39 21 52 45 33 71 53 94 73 67 89 85 19 6 40 95 54 34 34 66 72 76 57 17 58 95 4 71 41 42 7 92 101 43 100 29 55 67 4
14 101 29 32 68 1 97 9 48 9 70 66 63 80 75 45 12 80 82 53 34 100 41 54 94 52 26 12 11 84 36 12 96 11 93 0 2 70 6 25 95 61 65 83 12 50 44 30 43 79 11 38 75 16 8 101 20 38 100 3 51 65 31 14 77 38 19 76 34 96 16 58 60 41 21
21 10 84 84 2 3 15 20 32 22 24 32 72 64 74 70 71 22 96 44 82 13 57 85 77 21 89 98 67 4 75 30 62 52 39 2 0 21 28 59 34 19 23 96 8 86 52 17 28 49 75 62 82 20 62 16 58 95 62 90 40 28 54 25 76 38 72 29 20 42 57 71 55 74 99
63 93 24 16 36 89 12 27 39 8 94 41 33 98 1 77 43 41 47 50 3 91 28 75 62 74 44 38 14 49 4 18 55 63 21 70 21 0 13 31 42 44 86 67 96 8 55 47 85 96 4 47 45 87 12 73 22 100 29 73 61 80 17 64 66 96 83 17 99 64 15 23 30 70 65
55 79 30 54 2 17 72 79 16 39 42 54 98 22 27 89 86 24 97 40 83 68 11 28 20 100 83 87 16 68 65 96 81 90 52 6 28 13 0 87 24 13 66 43 82 37 18 81 89 100 27 51 43 37 65 100 76 89 27 2 63 25 70 27 58 54 87 99 34 28 78 97 66 61 20
9 71 75 41 13 57 28 99 31 3 85 20 3 47 43 85 32 101 65 87 57 45 5 3 89 50 12 7 43 7 35 43 12 33 45 25 59 31 87 0 48 34 21 87 88 86 57 26 50 10 89 75 22 42 60 52 61 65 85 44 53 72 91 81 59 52 81 80 36 43 2 63 93 20 44
45 17 69 71 19 2 97 2 39 65 45 60 35 41 50 36 49 19 48 40 63 66 84 6 83 39 13 56 59 69 20 60 24 48 33 95 34 42 24 48 0 47 58 69 27 101 99 21 59 35 48 85 25 61 100 79 41 1 3 93 43 100 34 29 96 5 80 43 12 19 26 28 98 94 27
90 33 24 10 66 95 90 70 51 73 53 101 72 7 67 84 32 3 43 11 72 24 62 9 22 45 37 28 57 49 49 55 28 58 71 61 19 44 13 34 47 0 51 1 84 64 69 89 71 15 27 95 76 4 12 90 98 54 19 17 2 12 84 93 72 91 101 31 38 63 85 4 13 13 89
8 75 34 20 79 3 17 4 17 21 46 60 80 5 55 26 83 64 4 36 11 51 53 40 60 63 87 6 14 47 58 93 37 26 53 65 23 86 66 21 58 51 0 86 25 52 91 74 79 66 81 46 19 28 56 73 83 50 44 53 23 29 39 54 42 52 71 82 71 94 76 61 54 78 58
34 1 76 3 85 101 54 76 80 45 95 50 45 84 27 30 69 89 7 74 32 93 15 29 55 62 71 29 47 16 19 65 97 100 94 83 96 67 43 87 69 1 86 0 77 64 28 20 3 82 26 25 37 63 79 44 8 9 27 76 33 100 7 76 16 38 25 62 26 94 25 14 98 1 97
4 48 77 56 7 96 22 62 73 53 36 84 80 84 55 63 9 60 13 93 47 4 84 91 77 59 5 90 11 44 77 43 67 16 73 12 8 96 82 88 27 84 25 77 0 43 94 29 70 52 96 11 30 54 54 44 49 79 78 34 68 60 73 82 85 9 89 101 43 87 3 91 20 32 18
74 3 79 48 71 61 52 16 91 69 35 17 16 55 19 77 74 92 38 54 94 24 43 77 26 60 52 62 65 23 34 5 11 48 67 50 86 8 37 86 101 64 52 64 43 0 97 70 4 28 97 76 40 74 94 29 50 31 40 17 36 66 41 90 50 49 72 32 47 3 85 1 89 11 20
41 85 8 32 6 39 51 46 84 63 46 16 64 57 90 25 83 17 71 73 43 8 57 36 78 68 34 30 64 39 52 31 100 39 89 44 52 55 18 57 99 69 91 28 94 97 0 14 24 98 50 93 94 44 25 80 58 24 58 93 88 5 66 17 65 54 72 93 62 96 81 87 1 35 25
23 44 93 59 34 92 23 52 6 11 71 9 39 78 81 98 72 42 61 13 6 62 90 96 97 2 43 55 13 100 83 84 19 30 85 30 17 47 81 26 21 89 74 20 29 70 14 0 47 59 90 65 59 5 12 69 83 49 74 68 16 15 85 75 18 52 18 75 95 91 64 82 8 93 99
14 60 22 12 76 12 72 12 51 64 33 12 54 93 37 97 20 83 11 45 81 66 52 67 50 85 40 77 4 5 42 8 47 84 19 43 28 85 89 50 59 71 79 3 70 4 24 47 0 87 12 59 38 38 87 14 82 46 29 94 5 5 30 20 50 56 9 46 9 45 58 28 18 63 87
10 82 39 37 43 72 50 5 50 88 37 49 64 12 14 25 65 77 12 52 77 40 12 84 86 18 98 78 65 95 54 59 41 11 6 79 49 96 100 10 35 15 66 82 52 28 98 59 87 0 90 31 37 23 9 16 96 35 93 44 75 36 88 90 63 89 47 1 24 60 68 69 31 12 8
50 48 93 7 2 69 39 68 12 97 76 86 43 89 15 71 27 29 4 93 3 19 39 97 13 10 84 20 95 21 77 41 95 3 40 11 75 4 27 89 48 27 81 26 96 97 50 90 12 90 0 77 95 34 15 39 64 58 99 71 57 73 23 39 31 81 27 39 56 95 87 6 99 87 69
93 59 67 96 74 20 28 34 71 73 78 4 20 10 38 29 11 41 35 60 26 25 29 18 30 77 5 42 19 4 17 72 76 85 95 38 62 47 51 75 85 95 46 25 11 76 93 65 59 31 77 0 42 5 75 83 58 3 92 93 96 59 64 37 4 80 88 79 37 67 86 89 53 41 82
24 28 70 69 23 85 70 1 16 22 67 46 95 65 88 67 81 32 101 27 61 87 100 13 33 74 5 42 59 38 46 96 60 77 54 75 82 45 43 22 25 76 19 37 30 40 94 59 38 37 95 42 0 4 78 21 47 74 78 5 35 56 53 44 14 22 10 74 74 10 2 57 26 24 83
4 79 76 59 40 89 16 70 77 66 73 81 72 59 72 57 10 72 60 71 70 6 26 50 71 76 83 75 61 97 49 78 89 32 34 16 20 87 37 42 61 4 28 63 54 74 44 5 38 23 34 5 4 0 27 37 97 53 57 90 84 8 38 24 59 43 29 61 11 93 18 4 79 95 16
48 25 55 22 36 64 28 8 4 60 67 48 73 99 91 94 87 81 4 100 38 74 47 81 82 3 14 92 74 10 4 56 53 7 34 8 62 12 65 60 100 12 56 79 54 94 25 12 87 9 15 75 78 27 0 101 19 98 9 61 67 83 81 33 70 62 10 73 41 55 101 66 94 90 43
6 99 59 50 9 77 19 29 76 56 15 59 45 25 85 86 55 94 16 91 36 19 7 5 6 58 2 41 49 18 24 35 22 45 66 101 16 73 100 52 79 90 73 44 44 29 80 69 14 16 39 83 21 37 101 0 61 2 19 25 99 25 47 67 55 48 49 84 72 31 92 75 72 44 77
79 40 51 15 6 15 97 24 84 41 92 74 66 14 54 43 30 30 56 51 8 1 62 35 33 30 41 40 80 7 47 44 57 74 72 20 58 22 76 61 41 98 83 8 49 50 58 83 82 96 64 58 47 97 19 61 0 3 38 92 101 47 75 82 58 85 44 43 18 59 57 53 15 92 15
17 98 61 51 100 68 16 78 30 32 3 91 58 67 62 11 40 22 48 94 23 71 38 2 40 26 14 87 79 66 21 41 23 4 76 38 95 100 89 65 1 54 50 9 79 31 24 49 46 35 58 3 74 53 98 2 3 0 95 69 59 84 76 33 76 68 62 17 101 27 45 61 42 13 31
72 71 100 61 27 1 68 95 4 92 16 84 44 56 33 59 64 43 52 17 11 37 3 56 14 37 64 65 27 63 51 21 62 88 57 100 62 29 27 85 3 19 44 27 78 40 58 74 29 93 99 92 78 57 9 19 38 95 0 98 93 71 37 6 13 91 67 27 101 42 54 98 39 100 98
49 90 91 76 75 82 43 12 78 87 34 78 15 58 9 88 38 38 52 29 25 74 69 100 98 50 99 22 85 16 73 12 101 59 17 3 90 73 2 44 93 17 53 76 34 17 93 68 94 44 71 93 5 90 61 25 92 69 98 0 35 56 45 46 4 40 29 85 68 45 75 40 78 97 86
24 50 94 5 49 95 73 28 92 38 80 71 68 24 86 101 26 37 26 80 15 23 65 42 81 87 78 79 97 98 20 53 37 11 58 51 40 61 63 53 43 2 23 33 68 36 88 16 5 75 57 96 35 84 67 99 101 59 93 35 0 80 61 29 96 16 85 92 89 4 78 59 56 17 52
69 42 48 1 41 76 57 44 91 22 99 93 93 96 99 63 67 71 94 62 95 98 90 46 5 50 49 19 51 33 96 68 92 81 95 65 28 80 25 72 100 12 29 100 60 66 5 15 5 36 73 59 56 8 83 25 47 84 71 56 80 0 65 41 87 92 69 68 78 86 28 1 77 69 29
81 73 74 98 64 81 73 75 26 8 58 101 67 97 99 33 9 26 94 87 74 3 68 46 6 75 90 29 13 75 100 97 70 53 4 31 54 17 70 91 34 84 39 7 73 41 66 85 30 88 23 64 53 38 81 47 75 76 37 45 61 65 0 8 51 87 69 12 82 45 36 82 101 45 95
58 34 8 76 94 45 100 79 50 91 21 80 36 4 67 32 78 99 72 14 52 101 25 55 57 32 94 16 23 81 22 7 24 79 71 14 25 64 27 81 29 93 54 76 82 90 17 75 20 90 39 37 44 24 33 67 82 33 6 46 29 41 8 0 23 4 101 60 74 46 47 99 73 82 69
38 100 52 21 85 56 17 55 75 69 42 42 61 40 98 68 79 78 43 90 6 45 24 73 39 95 73 98 67 98 42 82 64 78 41 77 76 66 58 59 96 72 42 16 85 50 65 18 50 63 31 4 14 59 70 55 58 76 13 4 96 87 51 23 0 43 35 12 20 43 20 36 20 49 46
69 32 25 77 7 54 20 41 83 83 80 15 27 8 42 12 27 11 15 10 15 65 77 34 67 95 14 10 86 45 76 50 50 40 42 38 38 96 54 52 5 91 52 38 9 49 54 52 56 89 81 80 22 43 62 48 85 68 91 40 16 92 87 4 43 0 34 101 87 21 95 21 73 24 10
37 96 41 71 38 21 46 9 53 1 15 5 50 47 90 94 88 36 21 50 12 82 31 84 44 38 32 44 37 76 28 81 82 69 7 19 72 83 87 81 80 101 71 25 89 72 72 18 9 47 27 88 10 29 10 49 44 62 67 29 85 69 69 101 35 34 0 59 90 75 28 28 57 8 64
98 86 61 85 86 86 32 81 21 8 47 35 65 18 9 97 40 91 96 20 10 8 41 2 36 60 13 93 74 58 97 1 22 59 92 76 29 17 99 80 43 31 82 62 101 32 93 75 46 1 39 79 74 61 73 84 43 17 27 85 92 68 12 60 12 101 59 0 11 92 50 35 34 84 92
18 71 77 34 81 87 29 56 22 47 72 41 17 13 73 91 72 86 50 45 63 44 74 40 86 91 27 95 67 52 9 24 78 84 101 34 20 99 34 36 12 38 71 26 43 47 62 95 9 24 56 37 74 11 41 72 18 101 101 68 89 78 82 74 20 87 90 11 0 63 33 72 7 29 20
17 77 26 41 64 52 49 5 87 64 65 5 33 47 18 19 48 96 27 12 8 93 63 24 45 79 63 32 36 45 67 27 15 89 43 96 42 64 28 43 19 63 94 94 87 3 96 91 45 60 95 67 10 93 55 31 59 27 42 45 4 86 45 46 43 21 75 92 63 0 11 81 65 27 12
1 21 32 45 17 23 42 47 68 21 51 72 74 32 18 36 76 45 3 38 14 37 76 24 6 51 77 49 36 31 75 68 48 1 100 16 57 15 78 2 26 85 76 25 3 85 81 64 58 68 87 86 2 18 101 92 57 45 54 75 78 28 36 47 20 95 28 50 33 11 0 13 63 96 27
80 47 43 12 45 21 58 27 26 53 25 89 3 37 101 59 28 42 56 88 45 94 21 33 12 23 71 46 5 36 54 4 51 49 29 58 71 23 97 63 28 4 61 14 91 1 87 82 28 69 6 89 57 4 66 75 53 61 98 40 59 1 82 99 36 21 28 35 72 81 13 0 70 42 67
22 2 63 50 45 98 46 88 10 5 69 72 13 96 66 24 22 52 101 18 88 13 58 25 92 53 70 56 55 84 41 56 74 96 55 60 55 30 66 93 98 13 54 98 20 89 1 8 18 31 99 53 26 79 94 72 15 42 39 78 56 77 101 73 20 73 57 34 7 65 63 70 0 68 57
38 41 32 64 63 71 64 94 24 50 85 2 41 16 74 68 72 25 63 62 95 17 41 36 76 35 33 48 26 97 86 83 18 27 67 41 74 70 61 20 94 13 78 1 32 11 35 93 63 12 87 41 24 95 90 44 92 13 100 97 17 69 45 82 49 24 8 84 29 27 96 42 68 0 78
53 64 99 93 34 74 75 75 76 26 8 58 37 27 42 26 7 34 50 72 44 38 64 40 65 9 86 77 23 72 53 93 25 72 4 21 99 65 20 44 27 89 58 97 18 20 25 99 87 8 69 82 83 16 43 77 15 31 98 86 52 29 95 69 46 10 64 92 20 12 27 67 57 78 0
