0 45 95 99 61 99 66 85 9 18 3 62 65 13 58 27 29 70 101 53 99 60 86 43 15 46 6 9 5 59 6 44 16 10 19 20 77 64 85 40 57 13 83 68 27 64 92 88 18 39 26 47 25 64 82 2 87 66 79 78 67 83 63 5 44 24 50 81 89 13 16 42 63 59 79
45 0 15 9 2 63 53 15 19 90 73 62 79 71 65 8 82 88 78 46 83 32 91 57 40 3 59 7 53 31 79 74 72 52 40 67 63 27 80 62 101 40 1 83 32 3 75 91 7 86 68 65 67 43 10 52 30 68 93 62 64 50 46 69 58 66 38 69 30 68 52 36 85 68 97
95 15 0 99 49 41 1 43 24 96 74 24 54 22 75 27 42 31 16 29 68 58 82 33 62 57 39 14 34 54 65 82 50 27 68 70 74 44 90 30 25 85 16 18 39 73 9 98 87 4 31 25 71 91 94 53 93 77 47 80 50 70 82 49 59 14 100 27 78 98 69 45 44 14 94
99 9 99 0 6 76 36 83 46 44 22 1 34 62 72 88 100 3 24 37 78 17 19 80 44 72 100 29 17 69 12 3 95 1 83 53 81 5 13 70 17 51 53 46 10 100 50 56 28 35 38 63 33 10 36 22 39 57 40 86 72 65 20 84 88 49 86 62 49 16 16 35 99 7 3
61 2 49 6 0 39 80 21 58 99 34 16 62 83 30 48 2 76 100 1 87 11 4 21 37 6 97 68 99 61 43 101 46 57 61 3 51 77 30 83 3 68 16 77 100 13 98 63 34 88 4 25 22 100 30 69 90 32 13 4 25 41 39 43 96 36 38 75 58 96 95 55 91 35 76
99 63 41 76 39 0 18 80 71 59 24 39 86 90 62 33 52 87 101 1 84 31 76 38 80 46 11 60 86 27 82 13 70 74 26 72 15 90 67 59 17 50 74 73 13 50 81 76 28 57 33 39 21 21 73 86 84 55 56 86 1 3 19 63 62 38 44 70 43 15 49 69 58 44 92
66 53 1 36 80 18 0 14 40 87 68 56 101 54 28 89 62 23 29 15 40 79 2 40 27 74 56 59 100 47 28 101 39 61 94 91 50 11 46 5 62 67 25 17 17 21 89 73 61 63 57 98 26 42 24 61 4 64 54 11 18 29 43 63 76 33 83 48 55 11 53 64 22 24 55
85 15 43 83 21 80 14 0 45 57 88 98 13 99 2 23 99 69 15 74 51 20 23 85 34 54 28 72 18 51 83 16 58 4 53 79 13 58 68 78 24 77 83 97 44 56 46 85 49 61 49 14 23 44 3 47 86 100 30 36 87 50 68 24 19 21 19 100 66 21 94 7 25 79 90
9 19 24 46 58 71 40 45 0 9 41 2 85 25 62 97 7 90 67 89 17 66 48 96 60 56 98 21 62 57 44 64 97 97 2 38 101 92 94 17 53 53 21 36 32 100 91 61 28 38 42 17 6 5 44 37 55 19 49 94 95 8 25 44 82 43 92 78 7 27 12 85 100 64 49
18 90 96 44 99 59 87 57 9 0 85 55 20 61 12 3 66 40 31 90 6 22 56 90 19 9 75 74 101 42 61 89 66 94 40 47 63 92 44 25 45 91 101 44 71 5 86 53 42 39 79 66 64 38 30 77 51 33 19 49 56 39 58 51 34 57 6 84 59 58 28 27 60 66 74
3 73 74 22 34 24 68 88 41 85 0 59 47 95 62 56 79 39 1 74 17 7 3 9 72 48 37 18 11 22 72 27 87 85 74 58 20 60 4 43 7 4 27 35 28 71 36 55 8 8 35 34 60 9 27 37 60 2 40 97 26 61 43 54 48 34 9 31 53 23 12 58 79 36 54
62 62 24 1 16 39 56 98 2 55 59 0 69 38 24 94 30 28 41 50 81 56 31 97 3 89 68 56 6 17 71 68 96 51 14 73 4 78 87 23 19 12 93 66 13 15 34 35 59 10 101 8 83 96 85 37 26 15 14 81 15 57 2 45 86 18 6 36 22 15 45 86 74 22 64
65 79 54 34 62 86 101 13 85 20 47 69 0 86 81 65 34 22 65 41 85 58 76 24 66 81 57 29 41 49 25 50 68 79 96 45 59 77 76 26 26 100 55 88 50 85 19 66 60 37 13 33 24 70 76 91 57 47 48 28 65 98 68 70 37 38 89 66 34 100 98 69 97 73 22
13 71 22 62 83 90 54 99 25 61 95 38 86 0 72 70 84 16 96 21 54 54 96 75 60 63 64 65 78 100 69 96 53 19 31 84 42 13 3 96 56 88 97 88 85 95 95 22 17 61 29 75 46 91 39 18 75 40 90 24 21 14 20 1 84 57 71 15 34 88 56 18 88 1 22
58 65 75 72 30 62 28 2 62 12 62 24 81 72 0 24 31 71 40 76 13 71 26 49 67 15 85 14 70 40 50 58 43 43 42 33 64 73 72 99 33 82 81 18 9 79 78 29 60 7 91 12 40 22 100 38 52 88 26 27 60 40 71 30 56 75 73 6 8 101 84 77 92 34 46
27 8 27 88 48 33 89 23 97 3 56 94 65 70 24 0 8 48 9 6 44 51 84 68 24 62 52 34 57 26 84 25 96 55 14 6 15 29 24 96 83 99 49 10 44 49 83 78 9 77 79 3 65 86 75 78 4 69 49 76 22 18 9 61 2 65 38 99 11 77 93 23 55 79 11
29 82 42 100 2 52 62 99 7 66 79 30 34 84 31 8 0 40 65 3 65 31 59 68 2 92 85 60 40 50 42 13 14 57 29 47 57 89 4 34 71 85 66 11 44 64 30 20 56 63 69 94 87 27 90 19 17 87 35 26 82 73 96 48 97 26 7 44 56 99 62 74 31 8 28
70 88 31 3 76 87 23 69 90 40 39 28 22 16 71 48 40 0 54 89 68 54 99 22 18 56 87 23 87 64 37 101 18 29 7 37 72 13 24 34 49 55 21 87 32 64 3 27 24 18 100 97 90 14 91 74 4 29 8 38 75 69 38 12 19 22 77 5 1 61 64 49 28 22 30
101 78 16 24 100 101 29 15 67 31 1 41 65 96 40 9 65 54 0 6 18 7 15 59 95 40 5 85 66 10 100 96 2 91 60 2 92 17 96 52 22 42 93 78 82 39 45 81 68 12 92 23 24 70 26 31 22 8 16 29 79 24 11 20 72 84 63 61 4 57 6 21 86 96 82
53 46 29 37 1 1 15 74 89 90 74 50 41 21 76 6 3 89 6 0 20 11 32 94 31 86 26 95 87 75 76 16 98 47 73 27 86 90 76 56 65 67 57 81 68 99 46 92 79 4 85 19 21 57 55 51 64 49 68 97 25 67 13 6 71 83 65 30 42 56 66 25 12 62 1
99 83 68 78 87 84 40 51 17 6 17 81 85 54 13 44 65 68 18 20 0 74 52 61 19 74 80 73 39 9 26 96 74 69 44 77 79 5 56 6 60 43 37 16 80 86 19 50 9 31 5 86 63 11 64 58 23 78 88 18 30 45 66 91 66 86 23 59 74 83 8 6 34 15 96
60 32 58 17 11 31 79 20 66 22 7 56 58 54 71 51 31 54 7 11 74 0 84 75 81 93 53 49 25 92 1 20 42 82 88 11 44 22 22 37 24 31 87 13 35 71 49 63 31 19 29 77 18 44 61 93 83 57 73 26 43 92 53 69 97 51 65 42 85 68 16 4 30 66 50
86 91 82 19 4 76 2 23 48 56 3 31 76 96 26 84 59 99 15 32 52 84 0 42 24 41 94 30 85 31 40 65 29 72 95 9 6 7 49 65 5 84 1 10 31 100 44 100 101 66 93 16 13 11 2 88 85 40 50 89 47 93 12 3 3 99 88 66 100 13 54 93 53 80 24
43 57 33 80 21 38 40 85 96 90 9 97 24 75 49 68 68 22 59 94 61 75 42 0 31 43 43 84 17 20 17 66 36 63 49 55 26 84 63 3 52 22 7 36 21 52 69 51 62 75 19 59 99 75 53 23 53 5 33 84 66 26 36 5 98 33 27 59 51 22 62 72 31 16 77
15 40 62 44 37 80 27 34 60 19 72 3 66 60 67 24 2 18 95 31 19 81 24 31 0 62 18 98 20 53 15 39 11 96 99 82 59 45 91 70 3 27 67 45 74 70 21 28 90 30 45 75 100 89 13 25 47 55 57 4 6 46 82 33 22 98 57 88 53 51 97 32 97 92 24
46 3 57 72 6 46 74 54 56 9 48 89 81 63 15 62 92 56 40 86 74 93 41 43 62 0 51 45 86 18 78 65 52 35 57 12 95 21 96 23 1 59 27 100 22 22 31 68 53 30 75 11 86 25 2 93 96 96 17 50 18 96 43 78 98 19 35 88 12 18 90 44 97 43 37
6 59 39 100 97 11 56 28 98 75 37 68 57 64 85 52 85 87 5 26 80 53 94 43 18 51 0 53 41 83 90 60 24 40 53 69 10 85 15 63 91 28 85 67 89 33 19 7 81 25 5 11 14 90 34 21 1 49 48 74 38 101 9 71 96 34 80 101 2 50 90 30 75 89 76
9 7 14 29 68 60 59 72 21 74 18 56 29 65 14 34 60 23 85 95 73 49 30 84 98 45 53 0 94 46 72 65 6 86 64 12 9 101 101 98 22 75 30 22 60 13 88 5 84 10 27 81 93 70 50 26 94 97 100 45 67 46 32 81 29 67 97 32 43 27 82 42 101 100 23
5 53 34 17 99 86 100 18 62 101 11 6 41 78 70 57 40 87 66 87 39 25 85 17 20 86 41 94 0 95 10 99 71 27 61 48 27 42 9 40 10 11 72 73 23 55 45 26 49 87 46 12 40 97 75 48 84 98 46 29 76 13 65 26 7 56 12 101 6 96 80 2 16 65 60
59 31 54 69 61 27 47 51 57 42 22 17 49 100 40 26 50 64 10 75 9 92 31 20 53 18 83 46 95 0 16 75 75 40 31 51 89 4 54 84 75 100 92 51 5 90 100 60 19 6 81 43 50 60 99 18 78 62 33 47 13 48 53 4 82 6 87 89 84 88 56 37 18 37 80
6 79 65 12 43 82 28 83 44 61 72 71 25 69 50 84 42 37 100 76 26 1 40 17 15 78 90 72 10 16 0 37 93 13 65 57 8 88 94 91 23 66 28 74 86 11 99 45 12 82 45 95 74 45 85 6 27 58 10 59 23 91 5 63 28 12 26 92 70 68 1 80 31 15 13
44 74 82 3 101 13 101 16 64 89 27 68 50 96 58 25 13 101 96 16 96 20 65 66 39 65 60 65 99 75 37 0 74 89 45 91 89 50 30 67 33 10 88 39 66 14 40 63 40 50 68 14 98 71 22 52 23 87 54 65 49 94 17 43 33 76 46 1 44 65 86 62 12 23 15
16 72 50 95 46 70 39 58 97 66 87 96 68 53 43 96 14 18 2 98 74 42 29 36 11 52 24 6 71 75 93 74 0 38 79 31 58 98 26 8 73 89 87 18 34 84 57 76 95 51 15 8 13 37 2 46 72 4 76 9 15 27 89 8 47 22 25 81 89 71 79 72 94 50 45
10 52 27 1 57 74 61 4 97 94 85 51 79 19 43 55 57 29 91 47 69 82 72 63 96 35 40 86 27 40 13 89 38 0 52 62 13 56 51 18 95 45 2 100 11 52 28 22 10 99 6 88 88 37 40 43 7 17 1 4 77 29 2 10 53 35 73 98 62 25 45 66 13 35 7
19 40 68 83 61 26 94 53 2 40 74 14 96 31 42 14 29 7 60 73 44 88 95 49 99 57 53 64 61 31 65 45 79 52 0 92 23 11 85 83 87 98 26 2 83 60 9 19 81 38 8 20 92 84 79 80 38 86 78 57 41 65 29 86 20 14 58 79 83 48 50 51 48 47 17
20 67 70 53 3 72 91 79 38 47 58 73 45 84 33 6 47 37 2 27 77 11 9 55 82 12 69 12 48 51 57 91 31 62 92 0 7 52 3 78 63 24 63 67 36 31 70 66 9 49 75 70 74 35 85 36 12 1 23 10 34 29 80 68 24 72 12 30 14 97 12 91 50 53 70
77 63 74 81 51 15 50 13 101 63 20 4 59 42 64 15 57 72 92 86 79 44 6 26 59 95 10 9 27 89 8 89 58 13 23 7 0 23 39 67 71 17 20 3 40 99 13 9 52 15 79 65 73 42 29 94 75 2 80 27 101 40 3 67 62 96 22 89 73 56 7 8 48 60 83
64 27 44 5 77 90 11 58 92 92 60 78 77 13 73 29 89 13 17 90 5 22 7 84 45 21 85 101 42 4 88 50 98 56 11 52 23 0 87 20 5 27 48 59 95 89 14 23 17 51 78 66 64 37 76 57 56 100 79 48 4 65 58 9 86 9 31 53 59 30 81 83 17 24 58
85 80 90 13 30 67 46 68 94 44 4 87 76 3 72 24 4 24 96 76 56 22 49 63 91 96 15 101 9 54 94 30 26 51 85 3 39 87 0 58 48 87 58 54 33 22 60 13 77 98 47 36 32 44 20 34 4 91 20 39 16 76 85 31 45 47 27 18 41 79 5 3 58 74 22
40 62 30 70 83 59 5 78 17 25 43 23 26 96 99 96 34 34 52 56 6 37 65 3 70 23 63 98 40 84 91 67 8 18 83 78 67 20 58 0 25 81 97 10 15 76 40 23 27 55 83 65 1 52 56 80 71 99 32 89 60 5 3 21 54 87 73 38 23 101 37 95 37 9 71
57 101 25 17 3 17 62 24 53 45 7 19 26 56 33 83 71 49 22 65 60 24 5 52 3 1 91 22 10 75 23 33 73 95 87 63 71 5 48 25 0 46 56 60 31 22 13 46 84 23 30 99 58 53 100 80 64 85 95 62 43 60 81 12 28 66 66 7 37 86 66 79 51 80 39
13 40 85 51 68 50 67 77 53 91 4 12 100 88 82 99 85 55 42 67 43 31 84 22 27 59 28 75 11 100 66 10 89 45 98 24 17 27 87 81 46 0 23 7 48 70 20 82 99 14 92 9 76 96 31 58 25 93 14 41 6 23 68 43 63 64 65 17 17 65 1 7 1 44 15
83 1 16 53 16 74 25 83 21 101 27 93 55 97 81 49 66 21 93 57 37 87 1 7 67 27 85 30 72 92 28 88 87 2 26 63 20 48 58 97 56 23 0 74 29 9 28 82 68 27 99 19 41 44 3 63 85 79 55 11 17 52 38 94 23 66 17 60 67 1 21 43 58 49 17
68 83 18 46 77 73 17 97 36 44 35 66 88 88 18 10 11 87 78 81 16 13 10 36 45 100 67 22 73 51 74 39 18 100 2 67 3 59 54 10 60 7 74 0 76 78 15 87 31 94 26 75 21 81 48 42 27 2 36 101 39 9 2 37 99 76 86 70 22 54 101 1 92 34 74
27 32 39 10 100 13 17 44 32 71 28 13 50 85 9 44 44 32 82 68 80 35 31 21 74 22 89 60 23 5 86 66 34 11 83 36 40 95 33 15 31 48 29 76 0 38 36 87 81 58 12 41 10 43 47 77 65 89 75 29 83 83 56 14 86 19 93 47 68 43 99 93 61 21 94
64 3 73 100 13 50 21 56 100 5 71 15 85 95 79 49 64 64 39 99 86 71 100 52 70 22 33 13 55 90 11 14 84 52 60 31 99 89 22 76 22 70 9 78 38 0 76 39 90 63 42 12 61 53 29 48 32 16 11 3 37 17 63 31 67 5 26 64 20 89 67 51 50 8 46
92 75 9 50 98 81 89 46 91 86 36 34 19 95 78 83 30 3 45 46 19 49 44 69 21 31 19 88 45 100 99 40 57 28 9 70 13 14 60 40 13 20 28 15 36 76 0 90 71 15 73 16 9 28 74 63 25 10 32 55 57 62 100 16 44 96 7 66 38 45 6 90 100 4 13
88 91 98 56 63 76 73 85 61 53 55 35 66 22 29 78 20 27 81 92 50 63 100 51 28 68 7 5 26 60 45 63 76 22 19 66 9 23 13 23 46 82 82 87 87 39 90 0 50 78 59 17 10 78 24 28 98 55 90 26 2 101 14 24 85 55 40 37 54 6 80 98 6 86 25
18 7 87 28 34 28 61 49 28 42 8 59 60 17 60 9 56 24 68 79 9 31 101 62 90 53 81 84 49 19 12 40 95 10 81 9 52 17 77 27 84 99 68 31 81 90 71 50 0 58 80 46 30 32 78 1 19 87 97 2 30 9 18 18 57 11 84 68 23 3 19 37 36 53 86
39 86 4 35 88 57 63 61 38 39 8 10 37 61 7 77 63 18 12 4 31 19 66 75 30 30 25 10 87 6 82 50 51 99 38 49 15 51 98 55 23 14 27 94 58 63 15 78 58 0 33 64 66 97 28 64 70 49 67 20 29 80 31 1 3 98 10 29 81 100 17 50 77 80 80
26 68 31 38 4 33 57 49 42 79 35 101 13 29 91 79 69 100 92 85 5 29 93 19 45 75 5 27 46 81 45 68 15 6 8 75 79 78 47 83 30 92 99 26 12 42 73 59 80 33 0 20 9 81 44 12 46 29 21 83 96 39 84 25 9 36 15 44 4 49 91 72 33 59 61
47 65 25 63 25 39 98 14 17 66 34 8 33 75 12 3 94 97 23 19 86 77 16 59 75 11 11 81 12 43 95 14 8 88 20 70 65 66 36 65 99 9 19 75 41 12 16 17 46 64 20 0 45 48 6 68 30 88 63 53 2 40 30 62 36 55 3 75 7 9 29 94 69 6 6
25 67 71 33 22 21 26 23 6 64 60 83 24 46 40 65 87 90 24 21 63 18 13 99 100 86 14 93 40 50 74 98 13 88 92 74 73 64 32 1 58 76 41 21 10 61 9 10 30 66 9 45 0 29 9 89 65 25 60 39 15 94 58 43 98 30 82 7 18 94 75 44 57 35 36
64 43 91 10 100 21 42 44 5 38 9 96 70 91 22 86 27 14 70 57 11 44 11 75 89 25 90 70 97 60 45 71 37 37 84 35 42 37 44 52 53 96 44 81 43 53 28 78 32 97 81 48 29 0 83 89 42 97 25 2 66 58 101 3 80 69 9 4 33 51 76 78 51 18 81
82 10 94 36 30 73 24 3 44 30 27 85 76 39 100 75 90 91 26 55 64 61 2 53 13 2 34 50 75 99 85 22 2 40 79 85 29 76 20 56 100 31 3 48 47 29 74 24 78 28 44 6 9 83 0 90 92 24 72 1 89 3 71 30 4 29 41 85 14 48 54 36 28 48 24
2 52 53 22 69 86 61 47 37 77 37 37 91 18 38 78 19 74 31 51 58 93 88 23 25 93 21 26 48 18 6 52 46 43 80 36 94 57 34 80 80 58 63 42 77 48 63 28 1 64 12 68 89 89 90 0 62 72 50 10 101 5 52 73 33 59 8 79 60 8 23 91 101 14 95
87 30 93 39 90 84 4 86 55 51 60 26 57 75 52 4 17 4 22 64 23 83 85 53 47 96 1 94 84 78 27 23 72 7 38 12 75 56 4 71 64 25 85 27 65 32 25 98 19 70 46 30 65 42 92 62 0 23 48 89 46 51 91 94 63 81 12 63 83 28 78 10 46 29 67
66 68 77 57 32 55 64 100 19 33 2 15 47 40 88 69 87 29 8 49 78 57 40 5 55 96 49 97 98 62 58 87 4 17 86 1 2 100 91 99 85 93 79 2 89 16 10 55 87 49 29 88 25 97 24 72 23 0 12 15 71 67 98 2 81 71 70 9 94 29 83 50 62 80 13
79 93 47 40 13 56 54 30 49 19 40 14 48 90 26 49 35 8 16 68 88 73 50 33 57 17 48 100 46 33 10 54 76 1 78 23 80 79 20 32 95 14 55 36 75 11 32 90 97 67 21 63 60 25 72 50 48 12 0 67 7 97 73 67 97 62 45 65 98 65 65 44 56 61 22
78 62 80 86 4 86 11 36 94 49 97 81 28 24 27 76 26 38 29 97 18 26 89 84 4 50 74 45 29 47 59 65 9 4 57 10 27 48 39 89 62 41 11 101 29 3 55 26 2 20 83 53 39 2 1 10 89 15 67 0 74 1 40 54 75 27 67 42 70 72 79 95 41 27 62
67 64 50 72 25 1 18 87 95 56 26 15 65 21 60 22 82 75 79 25 30 43 47 66 6 18 38 67 76 13 23 49 15 77 41 34 101 4 16 60 43 6 17 39 83 37 57 2 30 29 96 2 15 66 89 101 46 71 7 74 0 85 83 62 35 40 74 9 21 60 74 29 66 63 9
83 50 70 65 41 3 29 50 8 39 61 57 98 14 40 18 73 69 24 67 45 92 93 26 46 96 101 46 13 48 91 94 27 29 65 29 40 65 76 5 60 23 52 9 83 17 62 101 9 80 39 40 94 58 3 5 51 67 97 1 85 0 85 93 28 17 56 20 44 77 62 101 56 36 3
63 46 82 20 39 19 43 68 25 58 43 2 68 20 71 9 96 38 11 13 66 53 12 36 82 43 9 32 65 53 5 17 89 2 29 80 3 58 85 3 81 68 38 2 56 63 100 14 18 31 84 30 58 101 71 52 91 98 73 40 83 85 0 85 96 51 50 84 66 79 35 6 73 4 40
5 69 49 84 43 63 63 24 44 51 54 45 70 1 30 61 48 12 20 6 91 69 3 5 33 78 71 81 26 4 63 43 8 10 86 68 67 9 31 21 12 43 94 37 14 31 16 24 18 1 25 62 43 3 30 73 94 2 67 54 62 93 85 0 30 27 19 70 1 61 44 68 101 41 73
44 58 59 88 96 62 76 19 82 34 48 86 37 84 56 2 97 19 72 71 66 97 3 98 22 98 96 29 7 82 28 33 47 53 20 24 62 86 45 54 28 63 23 99 86 67 44 85 57 3 9 36 98 80 4 33 63 81 97 75 35 28 96 30 0 48 77 9 55 15 4 55 75 74 19
24 66 14 49 36 38 33 21 43 57 34 18 38 57 75 65 26 22 84 83 86 51 99 33 98 19 34 67 56 6 12 76 22 35 14 72 96 9 47 87 66 64 66 76 19 5 96 55 11 98 36 55 30 69 29 59 81 71 62 27 40 17 51 27 48 0 3 10 64 5 37 71 43 76 26
50 38 100 86 38 44 83 19 92 6 9 6 89 71 73 38 7 77 63 65 23 65 88 27 57 35 80 97 12 87 26 46 25 73 58 12 22 31 27 73 66 65 17 86 93 26 7 40 84 10 15 3 82 9 41 8 12 70 45 67 74 56 50 19 77 3 0 98 33 29 101 73 26 39 52
81 69 27 62 75 70 48 100 78 84 31 36 66 15 6 99 44 5 61 30 59 42 66 59 88 88 101 32 101 89 92 1 81 98 79 30 89 53 18 38 7 17 60 70 47 64 66 37 68 29 44 75 7 4 85 79 63 9 65 42 9 20 84 70 9 10 98 0 20 56 59 97 6 14 25
89 30 78 49 58 43 55 66 7 59 53 22 34 34 8 11 56 1 4 42 74 85 100 51 53 12 2 43 6 84 70 44 89 62 83 14 73 59 41 23 37 17 67 22 68 20 38 54 23 81 4 7 18 33 14 60 83 94 98 70 21 44 66 1 55 64 33 20 0 86 3 2 14 8 91
13 68 98 16 96 15 11 21 27 58 23 15 100 88 101 77 99 61 57 56 83 68 13 22 51 18 50 27 96 88 68 65 71 25 48 97 56 30 79 101 86 65 1 54 43 89 45 6 3 100 49 9 94 51 48 8 28 29 65 72 60 77 79 61 15 5 29 56 86 0 50 101 42 64 36
16 52 69 16 95 49 53 94 12 28 12 45 98 56 84 93 62 64 6 66 8 16 54 62 97 90 90 82 80 56 1 86 79 45 50 12 7 81 5 37 66 1 21 101 99 67 6 80 19 17 91 29 75 76 54 23 78 83 65 79 74 62 35 44 4 37 101 59 3 50 0 73 12 27 92
42 36 45 35 55 69 64 7 85 27 58 86 69 18 77 23 74 49 21 25 6 4 93 72 32 44 30 42 2 37 80 62 72 66 51 91 8 83 3 95 79 7 43 1 93 51 90 98 37 50 72 94 44 78 36 91 10 50 44 95 29 101 6 68 55 71 73 97 2 101 73 0 44 96 46
63 85 44 99 91 58 22 25 100 60 79 74 97 88 92 55 31 28 86 12 34 30 53 31 97 97 75 101 16 18 31 12 94 13 48 50 48 17 58 37 51 1 58 92 61 50 100 6 36 77 33 69 57 51 28 101 46 62 56 41 66 56 73 101 75 43 26 6 14 42 12 44 0 66 40
59 68 14 7 35 44 24 79 64 66 36 22 73 1 34 79 8 22 96 62 15 66 80 16 92 43 89 100 65 37 15 23 50 35 47 53 60 24 74 9 80 44 49 34 21 8 4 86 53 80 59 6 35 18 48 14 29 80 61 27 63 36 4 41 74 76 39 14 8 64 27 96 66 0 55
79 97 94 3 76 92 55 90 49 74 54 64 22 22 46 11 28 30 82 1 96 50 24 77 24 37 76 23 60 80 13 15 45 7 17 70 83 58 22 71 39 15 17 74 94 46 13 25 86 80 61 6 36 81 24 95 67 13 22 62 9 3 40 73 19 26 52 25 91 36 92 46 40 55 0
