0 8 63 94 53 90 12 9 25 26 97 67 40 82 50 95 81
8 0 71 18 22 41 58 83 25 95 16 64 99 8 27 79 32
63 71 0 96 53 17 45 31 54 42 3 24 62 24 4 95 66
94 18 96 0 66 75 45 75 40 78 92 94 96 96 6 32 58
53 22 53 66 0 61 53 58 22 77 74 65 35 6 26 14 96
90 41 17 75 61 0 33 75 20 57 24 24 51 82 18 9 63
12 58 45 45 53 33 0 75 73 69 77 39 68 7 80 2 10
9 83 31 75 58 75 75 0 65 32 86 91 54 25 6 84 11
25 25 54 40 22 20 73 65 0 76 1 33 1 73 37 100 59
26 95 42 78 77 57 69 32 76 0 76 47 12 61 31 43 76
97 16 3 92 74 24 77 86 1 76 0 90 18 70 1 16 30
67 64 24 94 65 24 39 91 33 47 90 0 78 25 4 45 22
40 99 62 96 35 51 68 54 1 12 18 78 0 21 64 19 51
82 8 24 96 6 82 7 25 73 61 70 25 21 0 48 33 76
50 27 4 6 26 18 80 6 37 31 1 4 64 48 0 49 82
95 79 95 32 14 9 2 84 100 43 16 45 19 33 49 0 86
81 32 66 58 96 63 10 11 59 76 30 22 51 76 82 86 0
