0 19 87 33 30 63 31 85 90 76 3 42 28 11 65 31 98 11 96 74 85 32 77 78 101 7 87 68 4 47 71 45 66 64 40 37 30 79 38 35 28 40 57 55 43 70 17 28 31 6
19 0 96 3 43 45 49 40 91 11 44 77 30 34 50 17 85 2 25 30 81 62 13 12 32 41 9 48 36 67 63 24 73 1 66 49 13 63 61 52 76 69 52 75 47 76 93 9 12 63
87 96 0 40 7 18 44 54 57 13 23 76 68 22 5 86 65 60 77 19 71 54 39 19 69 51 37 28 68 49 29 74 39 80 79 45 91 69 57 75 30 11 96 38 98 75 14 77 6 75
33 3 40 0 41 12 30 21 45 77 81 32 11 1 101 99 44 66 5 51 25 70 35 41 17 28 77 5 25 75 74 70 101 60 11 77 55 54 1 78 6 36 13 54 61 88 11 72 10 20
30 43 7 41 0 90 63 14 45 52 72 96 100 66 35 82 97 64 92 27 75 2 4 99 48 16 1 79 43 14 24 7 8 5 100 84 82 45 25 47 20 81 81 5 70 10 68 87 62 69
63 45 18 12 90 0 63 94 16 38 26 32 85 92 18 88 35 29 56 83 91 96 93 55 47 63 84 78 31 85 83 12 88 69 1 70 87 68 93 44 2 84 59 49 30 26 28 101 94 72
31 49 44 30 63 63 0 60 58 7 54 86 25 16 49 42 18 23 59 92 6 47 98 75 65 51 74 5 95 8 35 92 45 3 61 65 34 86 4 95 53 9 2 73 43 73 46 91 60 47
85 40 54 21 14 94 60 0 85 10 43 73 88 85 20 14 32 96 89 42 39 61 83 83 37 31 44 86 76 90 98 54 74 56 64 37 66 88 77 29 44 29 56 73 63 51 92 26 13 8
90 91 57 45 45 16 58 85 0 94 22 19 20 5 8 25 19 40 8 92 59 76 67 64 38 44 75 87 79 52 38 96 63 11 8 85 15 29 76 73 75 84 18 94 8 7 71 69 92 19
76 11 13 77 52 38 7 10 94 0 64 82 77 72 55 37 98 27 79 8 87 22 66 74 91 88 48 14 52 35 37 96 91 27 101 26 23 11 2 26 78 93 19 41 46 69 70 41 91 87
3 44 23 81 72 26 54 43 22 64 0 72 90 87 44 15 32 64 75 59 67 93 72 57 13 73 18 21 74 74 27 28 101 71 43 39 84 39 8 4 47 59 100 92 37 31 7 51 91 39
42 77 76 32 96 32 86 73 19 82 72 0 96 58 73 11 35 56 11 26 59 84 74 48 70 23 1 19 100 8 9 17 35 47 78 61 20 10 20 36 6 60 87 13 16 42 11 73 14 42
28 30 68 11 100 85 25 88 20 77 90 96 0 55 11 14 51 99 48 12 37 84 50 25 87 81 17 92 24 24 33 19 14 13 95 37 62 77 62 37 5 5 37 61 78 28 66 1 9 94
11 34 22 1 66 92 16 85 5 72 87 58 55 0 21 40 86 52 30 99 21 54 46 44 65 32 18 10 19 101 99 70 65 53 100 69 91 69 52 4 5 41 77 57 47 77 19 2 90 82
65 50 5 101 35 18 49 20 8 55 44 73 11 21 0 28 40 83 69 49 10 43 92 79 46 20 59 64 100 26 59 40 63 25 43 17 77 101 68 63 49 18 64 58 2 72 88 6 71 8
31 17 86 99 82 88 42 14 25 37 15 11 14 40 28 0 70 46 23 9 76 55 100 99 26 30 69 59 42 66 52 64 28 94 18 95 72 88 99 93 74 58 59 50 1 40 33 18 47 58
98 85 65 44 97 35 18 32 19 98 32 35 51 86 40 70 0 79 90 75 63 51 100 86 87 84 43 57 49 28 56 71 66 25 52 87 13 84 74 78 99 24 15 21 12 52 91 37 90 1
11 2 60 66 64 29 23 96 40 27 64 56 99 52 83 46 79 0 91 88 14 91 17 27 96 11 58 59 69 84 97 21 80 75 26 22 77 78 38 36 91 19 61 87 54 88 61 29 100 21
96 25 77 5 92 56 59 89 8 79 75 11 48 30 69 23 90 91 0 93 53 49 23 66 89 96 65 80 33 33 37 94 91 90 32 44 40 26 71 35 38 69 71 26 52 4 81 11 33 8
74 30 19 51 27 83 92 42 92 8 59 26 12 99 49 9 75 88 93 0 100 96 29 95 5 28 80 34 80 95 79 29 26 92 54 99 72 74 64 71 31 8 51 10 27 100 94 56 47 76
85 81 71 25 75 91 6 39 59 87 67 59 37 21 10 76 63 14 53 100 0 34 62 20 4 65 82 1 15 80 41 91 75 34 81 64 62 26 72 13 48 87 99 72 60 59 65 97 54 83
32 62 54 70 2 96 47 61 76 22 93 84 84 54 43 55 51 91 49 96 34 0 10 63 60 71 9 46 63 57 54 39 24 34 97 101 17 18 93 53 93 89 15 65 17 1 50 15 20 36
77 13 39 35 4 93 98 83 67 66 72 74 50 46 92 100 100 17 23 29 62 10 0 73 92 57 74 38 66 101 37 29 28 59 90 2 49 18 80 10 63 93 22 23 88 75 32 55 44 99
78 12 19 41 99 55 75 83 64 74 57 48 25 44 79 99 86 27 66 95 20 63 73 0 69 88 13 11 87 90 46 47 12 6 46 94 67 101 96 86 84 72 59 76 36 54 94 15 7 51
101 32 69 17 48 47 65 37 38 91 13 70 87 65 46 26 87 96 89 5 4 60 92 69 0 63 79 19 42 47 77 74 67 77 34 30 17 45 10 81 43 60 69 27 25 83 9 28 96 88
7 41 51 28 16 63 51 31 44 88 73 23 81 32 20 30 84 11 96 28 65 71 57 88 63 0 86 4 79 30 26 23 51 99 98 21 60 9 17 59 20 8 75 95 46 12 1 19 60 63
87 9 37 77 1 84 74 44 75 48 18 1 17 18 59 69 43 58 65 80 82 9 74 13 79 86 0 9 55 67 61 35 40 51 73 86 9 88 34 11 18 37 57 13 76 46 45 61 97 78
68 48 28 5 79 78 5 86 87 14 21 19 92 10 64 59 57 59 80 34 1 46 38 11 19 4 9 0 100 37 100 10 79 78 29 30 66 59 15 65 32 92 62 45 2 36 65 77 81 23
4 36 68 25 43 31 95 76 79 52 74 100 24 19 100 42 49 69 33 80 15 63 66 87 42 79 55 100 0 34 46 83 7 27 42 45 97 62 15 22 51 11 45 91 6 93 86 65 7 16
47 67 49 75 14 85 8 90 52 35 74 8 24 101 26 66 28 84 33 95 80 57 101 90 47 30 67 37 34 0 68 66 62 25 32 46 62 15 77 75 31 12 62 26 56 36 80 64 35 33
71 63 29 74 24 83 35 98 38 37 27 9 33 99 59 52 56 97 37 79 41 54 37 46 77 26 61 100 46 68 0 48 101 100 54 48 46 94 57 33 49 49 36 51 29 44 86 54 55 18
45 24 74 70 7 12 92 54 96 96 28 17 19 70 40 64 71 21 94 29 91 39 29 47 74 23 35 10 83 66 48 0 91 37 34 80 9 37 75 52 41 56 51 91 68 29 81 100 98 52
66 73 39 101 8 88 45 74 63 91 101 35 14 65 63 28 66 80 91 26 75 24 28 12 67 51 40 79 7 62 101 91 0 40 8 53 22 89 40 91 25 55 19 39 94 1 34 92 25 25
64 1 80 60 5 69 3 56 11 27 71 47 13 53 25 94 25 75 90 92 34 34 59 6 77 99 51 78 27 25 100 37 40 0 97 43 63 97 43 51 89 31 22 5 58 101 35 42 20 8
40 66 79 11 100 1 61 64 8 101 43 78 95 100 43 18 52 26 32 54 81 97 90 46 34 98 73 29 42 32 54 34 8 97 0 89 88 13 43 46 84 90 28 63 97 59 46 58 89 38
37 49 45 77 84 70 65 37 85 26 39 61 37 69 17 95 87 22 44 99 64 101 2 94 30 21 86 30 45 46 48 80 53 43 89 0 98 39 64 83 80 55 95 20 36 11 98 35 63 51
30 13 91 55 82 87 34 66 15 23 84 20 62 91 77 72 13 77 40 72 62 17 49 67 17 60 9 66 97 62 46 9 22 63 88 98 0 27 5 35 96 37 85 91 83 93 74 4 70 68
79 63 69 54 45 68 86 88 29 11 39 10 77 69 101 88 84 78 26 74 26 18 18 101 45 9 88 59 62 15 94 37 89 97 13 39 27 0 26 84 79 71 47 43 83 82 54 60 85 19
38 61 57 1 25 93 4 77 76 2 8 20 62 52 68 99 74 38 71 64 72 93 80 96 10 17 34 15 15 77 57 75 40 43 43 64 5 26 0 77 36 18 14 60 12 88 89 89 75 24
35 52 75 78 47 44 95 29 73 26 4 36 37 4 63 93 78 36 35 71 13 53 10 86 81 59 11 65 22 75 33 52 91 51 46 83 35 84 77 0 17 30 76 98 27 27 76 61 23 90
28 76 30 6 20 2 53 44 75 78 47 6 5 5 49 74 99 91 38 31 48 93 63 84 43 20 18 32 51 31 49 41 25 89 84 80 96 79 36 17 0 23 58 11 59 71 11 91 83 11
40 69 11 36 81 84 9 29 84 93 59 60 5 41 18 58 24 19 69 8 87 89 93 72 60 8 37 92 11 12 49 56 55 31 90 55 37 71 18 30 23 0 101 75 83 36 46 95 46 4
57 52 96 13 81 59 2 56 18 19 100 87 37 77 64 59 15 61 71 51 99 15 22 59 69 75 57 62 45 62 36 51 19 22 28 95 85 47 14 76 58 101 0 81 7 18 68 71 37 88
55 75 38 54 5 49 73 73 94 41 92 13 61 57 58 50 21 87 26 10 72 65 23 76 27 95 13 45 91 26 51 91 39 5 63 20 91 43 60 98 11 75 81 0 92 62 86 8 53 65
43 47 98 61 70 30 43 63 8 46 37 16 78 47 2 1 12 54 52 27 60 17 88 36 25 46 76 2 6 56 29 68 94 58 97 36 83 83 12 27 59 83 7 92 0 46 33 3 79 41
70 76 75 88 10 26 73 51 7 69 31 42 28 77 72 40 52 88 4 100 59 1 75 54 83 12 46 36 93 36 44 29 1 101 59 11 93 82 88 27 71 36 18 62 46 0 73 77 44 88
17 93 14 11 68 28 46 92 71 70 7 11 66 19 88 33 91 61 81 94 65 50 32 94 9 1 45 65 86 80 86 81 34 35 46 98 74 54 89 76 11 46 68 86 33 73 0 65 100 19
28 9 77 72 87 101 91 26 69 41 51 73 1 2 6 18 37 29 11 56 97 15 55 15 28 19 61 77 65 64 54 100 92 42 58 35 4 60 89 61 91 95 71 8 3 77 65 0 68 48
31 12 6 10 62 94 60 13 92 91 91 14 9 90 71 47 90 100 33 47 54 20 44 7 96 60 97 81 7 35 55 98 25 20 89 63 70 85 75 23 83 46 37 53 79 44 100 68 0 85
6 63 75 20 69 72 47 8 19 87 39 42 94 82 8 58 1 21 8 76 83 36 99 51 88 63 78 23 16 33 18 52 25 8 38 51 68 19 24 90 11 4 88 65 41 88 19 48 85 0
