0 51 34 94 95 78 77 62 2 98 69 27 40 64 92 52 97 12 10 98 8 62 19 22 52 97 70 11 56 59 8 101 29 15 12 16 29 41 89 15 71 72 21 28 44 50 73 24 100 81
51 0 65 51 100 19 20 20 11 32 43 88 27 41 81 99 22 40 6 90 35 37 36 15 13 60 64 3 9 9 65 96 52 83 27 2 19 20 58 54 45 56 82 19 73 96 59 75 94 72
34 65 0 80 29 48 82 59 60 90 89 64 8 87 8 90 49 5 92 41 47 22 19 85 46 65 47 67 77 4 101 37 41 91 70 15 84 31 78 12 37 14 21 35 65 48 97 70 81 67
94 51 80 0 98 84 69 40 26 44 65 74 51 3 16 47 54 77 78 60 18 6 85 69 84 55 11 101 36 36 71 18 1 39 99 71 38 87 17 70 45 36 34 91 35 89 9 3 33 101
95 100 29 98 0 40 41 71 23 85 53 10 62 11 48 82 40 4 21 40 54 45 77 55 38 22 90 23 92 38 23 92 38 94 34 4 17 35 16 66 22 82 72 38 45 71 94 69 101 76
78 19 48 84 40 0 29 57 8 19 58 25 93 90 99 52 62 38 8 55 72 9 29 23 24 97 94 101 68 30 77 22 39 38 24 5 53 28 61 50 86 93 30 54 26 92 70 63 33 45
77 20 82 69 41 29 0 14 12 63 7 67 77 101 90 41 12 10 60 75 53 29 25 79 91 71 45 14 96 65 20 15 26 82 72 32 44 65 52 27 17 12 86 93 90 4 53 19 26 39
62 20 59 40 71 57 14 0 96 60 100 4 95 83 89 46 87 9 71 21 40 98 52 20 7 49 57 20 49 19 59 62 3 45 68 70 75 26 100 55 20 45 56 43 98 89 97 67 62 66
2 11 60 26 23 8 12 96 0 93 15 25 7 77 75 18 69 95 66 73 45 37 69 17 92 76 14 74 76 58 40 81 24 56 6 85 88 69 79 87 99 9 38 29 26 25 46 93 76 15
98 32 90 44 85 19 63 60 93 0 67 87 83 71 42 33 61 50 88 50 15 42 86 13 7 94 92 81 67 52 63 6 26 68 67 12 67 69 97 61 43 79 96 15 37 26 58 44 36 92
69 43 89 65 53 58 7 100 15 67 0 64 30 24 6 89 53 76 80 4 63 84 94 30 15 41 100 44 18 82 17 31 60 94 44 68 33 40 50 72 3 76 1 60 9 3 37 94 88 22
27 88 64 74 10 25 67 4 25 87 64 0 47 70 83 34 13 31 55 84 79 82 69 67 6 72 67 8 34 89 65 34 101 90 16 25 6 9 51 28 36 45 7 81 13 62 30 11 25 85
40 27 8 51 62 93 77 95 7 83 30 47 0 17 74 97 13 12 38 5 76 25 72 78 28 71 66 18 70 58 87 99 10 7 2 23 16 7 58 26 55 4 73 92 71 30 73 68 21 49
64 41 87 3 11 90 101 83 77 71 24 70 17 0 82 54 19 82 23 16 30 65 31 98 9 61 12 27 87 25 44 70 26 99 81 13 73 50 27 67 48 92 63 41 68 41 50 19 55 99
92 81 8 16 48 99 90 89 75 42 6 83 74 82 0 92 72 6 30 3 12 1 83 55 31 80 11 41 18 81 97 47 78 10 58 59 101 38 57 94 5 80 95 71 33 49 10 75 79 73
52 99 90 47 82 52 41 46 18 33 89 34 97 54 92 0 94 42 26 81 35 2 46 78 44 54 90 80 11 52 74 73 85 55 45 55 62 86 68 51 61 93 53 30 18 7 42 58 80 67
97 22 49 54 40 62 12 87 69 61 53 13 13 19 72 94 0 72 81 59 90 2 5 79 62 34 86 92 13 24 63 33 16 18 89 69 53 17 28 2 101 7 87 23 26 28 98 42 60 19
12 40 5 77 4 38 10 9 95 50 76 31 12 82 6 42 72 0 58 101 76 68 66 69 48 38 18 90 28 36 59 19 60 96 81 11 95 5 98 22 97 20 73 29 25 34 28 33 88 68
10 6 92 78 21 8 60 71 66 88 80 55 38 23 30 26 81 58 0 33 62 20 53 87 93 55 66 75 20 42 99 30 76 91 64 17 58 47 11 39 85 79 50 16 97 12 71 71 17 29
98 90 41 60 40 55 75 21 73 50 4 84 5 16 3 81 59 101 33 0 3 33 28 84 74 31 101 48 27 37 61 62 75 96 100 37 97 86 56 29 32 31 76 12 88 8 101 62 73 55
8 35 47 18 54 72 53 40 45 15 63 79 76 30 12 35 90 76 62 3 0 53 52 52 41 94 6 49 89 53 18 71 53 96 82 14 11 2 98 85 11 19 53 63 92 87 87 8 52 68
62 37 22 6 45 9 29 98 37 42 84 82 25 65 1 2 2 68 20 33 53 0 69 77 10 62 75 57 4 15 90 78 67 10 22 37 66 89 59 30 94 80 83 55 59 55 99 49 24 51
19 36 19 85 77 29 25 52 69 86 94 69 72 31 83 46 5 66 53 28 52 69 0 17 90 59 60 15 71 10 94 53 14 97 40 26 78 74 60 45 63 17 40 82 59 17 60 22 44 63
22 15 85 69 55 23 79 20 17 13 30 67 78 98 55 78 79 69 87 84 52 77 17 0 1 6 1 15 40 15 48 82 99 95 67 41 95 76 21 23 91 6 49 54 89 37 92 80 9 53
52 13 46 84 38 24 91 7 92 7 15 6 28 9 31 44 62 48 93 74 41 10 90 1 0 47 82 87 36 48 57 37 92 77 1 42 4 32 73 29 87 25 96 4 42 13 64 55 100 62
97 60 65 55 22 97 71 49 76 94 41 72 71 61 80 54 34 38 55 31 94 62 59 6 47 0 7 14 20 5 83 37 62 60 85 80 59 36 85 56 78 32 82 64 18 14 74 10 86 44
70 64 47 11 90 94 45 57 14 92 100 67 66 12 11 90 86 18 66 101 6 75 60 1 82 7 0 85 50 39 33 24 81 79 72 93 90 63 49 6 100 31 79 33 17 48 83 11 99 31
11 3 67 101 23 101 14 20 74 81 44 8 18 27 41 80 92 90 75 48 49 57 15 15 87 14 85 0 50 63 91 17 87 55 79 15 75 22 17 62 16 81 17 81 20 85 33 88 7 82
56 9 77 36 92 68 96 49 76 67 18 34 70 87 18 11 13 28 20 27 89 4 71 40 36 20 50 50 0 34 2 53 63 92 32 93 96 14 37 95 29 15 48 93 50 57 93 21 55 26
59 9 4 36 38 30 65 19 58 52 82 89 58 25 81 52 24 36 42 37 53 15 10 15 48 5 39 63 34 0 2 24 93 35 100 83 40 55 46 68 25 84 74 40 74 85 101 58 83 44
8 65 101 71 23 77 20 59 40 63 17 65 87 44 97 74 63 59 99 61 18 90 94 48 57 83 33 91 2 2 0 90 44 48 68 13 95 4 75 12 8 25 80 71 75 17 41 26 59 3
101 96 37 18 92 22 15 62 81 6 31 34 99 70 47 73 33 19 30 62 71 78 53 82 37 37 24 17 53 24 90 0 76 60 19 100 18 57 84 8 40 83 10 100 37 71 85 62 60 8
29 52 41 1 38 39 26 3 24 26 60 101 10 26 78 85 16 60 76 75 53 67 14 99 92 62 81 87 63 93 44 76 0 24 75 75 94 64 9 70 55 83 89 9 98 27 78 56 39 76
15 83 91 39 94 38 82 45 56 68 94 90 7 99 10 55 18 96 91 96 96 10 97 95 77 60 79 55 92 35 48 60 24 0 88 78 19 29 72 78 90 77 49 71 15 3 63 73 7 32
12 27 70 99 34 24 72 68 6 67 44 16 2 81 58 45 89 81 64 100 82 22 40 67 1 85 72 79 32 100 68 19 75 88 0 83 37 13 100 38 101 97 5 45 1 77 89 26 37 58
16 2 15 71 4 5 32 70 85 12 68 25 23 13 59 55 69 11 17 37 14 37 26 41 42 80 93 15 93 83 13 100 75 78 83 0 85 8 65 43 58 12 23 8 59 79 1 3 12 40
29 19 84 38 17 53 44 75 88 67 33 6 16 73 101 62 53 95 58 97 11 66 78 95 4 59 90 75 96 40 95 18 94 19 37 85 0 69 26 94 31 69 100 99 97 60 15 9 26 80
41 20 31 87 35 28 65 26 69 69 40 9 7 50 38 86 17 5 47 86 2 89 74 76 32 36 63 22 14 55 4 57 64 29 13 8 69 0 90 10 39 91 61 45 93 31 16 76 46 43
89 58 78 17 16 61 52 100 79 97 50 51 58 27 57 68 28 98 11 56 98 59 60 21 73 85 49 17 37 46 75 84 9 72 100 65 26 90 0 88 48 53 60 12 67 65 44 39 79 30
15 54 12 70 66 50 27 55 87 61 72 28 26 67 94 51 2 22 39 29 85 30 45 23 29 56 6 62 95 68 12 8 70 78 38 43 94 10 88 0 56 98 61 17 44 5 83 9 27 78
71 45 37 45 22 86 17 20 99 43 3 36 55 48 5 61 101 97 85 32 11 94 63 91 87 78 100 16 29 25 8 40 55 90 101 58 31 39 48 56 0 26 39 4 4 68 61 60 19 1
72 56 14 36 82 93 12 45 9 79 76 45 4 92 80 93 7 20 79 31 19 80 17 6 25 32 31 81 15 84 25 83 83 77 97 12 69 91 53 98 26 0 3 21 87 44 2 9 67 31
21 82 21 34 72 30 86 56 38 96 1 7 73 63 95 53 87 73 50 76 53 83 40 49 96 82 79 17 48 74 80 10 89 49 5 23 100 61 60 61 39 3 0 87 17 57 72 72 47 57
28 19 35 91 38 54 93 43 29 15 60 81 92 41 71 30 23 29 16 12 63 55 82 54 4 64 33 81 93 40 71 100 9 71 45 8 99 45 12 17 4 21 87 0 14 85 79 27 100 78
44 73 65 35 45 26 90 98 26 37 9 13 71 68 33 18 26 25 97 88 92 59 59 89 42 18 17 20 50 74 75 37 98 15 1 59 97 93 67 44 4 87 17 14 0 21 86 82 5 31
50 96 48 89 71 92 4 89 25 26 3 62 30 41 49 7 28 34 12 8 87 55 17 37 13 14 48 85 57 85 17 71 27 3 77 79 60 31 65 5 68 44 57 85 21 0 54 96 13 92
73 59 97 9 94 70 53 97 46 58 37 30 73 50 10 42 98 28 71 101 87 99 60 92 64 74 83 33 93 101 41 85 78 63 89 1 15 16 44 83 61 2 72 79 86 54 0 22 42 53
24 75 70 3 69 63 19 67 93 44 94 11 68 19 75 58 42 33 71 62 8 49 22 80 55 10 11 88 21 58 26 62 56 73 26 3 9 76 39 9 60 9 72 27 82 96 22 0 32 95
100 94 81 33 101 33 26 62 76 36 88 25 21 55 79 80 60 88 17 73 52 24 44 9 100 86 99 7 55 83 59 60 39 7 37 12 26 46 79 27 19 67 47 100 5 13 42 32 0 100
81 72 67 101 76 45 39 66 15 92 22 85 49 99 73 67 19 68 29 55 68 51 63 53 62 44 31 82 26 44 3 8 76 32 58 40 80 43 30 78 1 31 57 78 31 92 53 95 100 0
