0 29 66 41 46 35 73 3 37 98 96 28 59 40 98 66 101 62 94 16 55 14 52 64 11 38 21 13 35 67 51 6 57 66 12 83 30 57 21 30 26 2 97 71 77 66 58 36 64 17
29 0 46 77 9 66 52 9 83 24 59 88 60 43 41 82 19 91 74 36 56 31 85 14 47 22 11 8 1 46 85 54 16 9 38 30 74 35 4 21 97 45 62 63 87 34 48 14 83 24
66 46 0 59 28 74 6 41 92 5 28 61 35 93 94 33 50 23 42 53 48 19 98 97 95 10 56 40 72 98 4 57 60 56 50 71 2 77 13 99 92 37 40 91 68 90 26 47 23 37
41 77 59 0 6 4 101 83 30 28 13 32 61 51 19 26 87 87 91 29 65 37 34 99 18 57 30 84 45 56 50 87 95 45 17 42 88 8 98 19 12 52 76 24 39 75 10 25 19 78
46 9 28 6 0 7 41 13 20 19 15 78 97 52 71 52 19 61 81 13 44 96 43 38 51 48 60 13 87 39 3 73 15 24 86 9 59 100 87 100 44 14 11 20 88 21 61 16 51 19
35 66 74 4 7 0 7 35 42 70 69 66 99 60 93 81 91 63 97 65 82 64 51 20 80 74 100 87 92 75 16 80 21 58 4 12 35 100 75 18 5 61 60 99 8 79 52 36 30 63
73 52 6 101 41 7 0 29 12 54 71 101 67 79 93 64 80 70 42 44 22 15 44 84 75 77 88 70 55 49 71 18 79 82 83 35 31 90 49 87 29 84 88 24 17 33 55 5 57 62
3 9 41 83 13 35 29 0 19 93 85 75 28 1 71 1 24 46 62 77 37 2 39 54 59 33 52 91 35 2 47 5 22 92 51 88 20 96 44 15 50 41 4 16 41 51 87 7 46 45
37 83 92 30 20 42 12 19 0 63 90 17 18 57 34 32 4 18 1 4 25 20 20 72 100 97 42 27 44 14 21 82 64 16 99 63 79 5 100 83 101 57 57 51 95 101 47 55 86 23
98 24 5 28 19 70 54 93 63 0 27 17 78 4 56 69 41 37 34 46 101 101 32 39 92 25 43 63 1 44 32 42 20 46 13 8 3 26 20 7 83 40 49 101 48 39 15 48 34 25
96 59 28 13 15 69 71 85 90 27 0 32 86 63 6 71 76 64 30 101 87 48 34 46 57 22 68 101 13 92 71 10 16 37 94 95 70 50 55 57 64 27 93 19 97 43 47 36 28 38
28 88 61 32 78 66 101 75 17 17 32 0 44 39 100 14 7 27 18 88 29 7 66 14 36 34 47 14 22 79 85 55 28 3 51 11 61 57 54 7 17 27 54 83 55 44 65 73 32 7
59 60 35 61 97 99 67 28 18 78 86 44 0 86 30 15 65 38 5 77 35 83 5 56 40 82 40 3 97 46 12 16 74 38 83 96 65 11 49 55 91 46 74 71 79 89 65 12 84 64
40 43 93 51 52 60 79 1 57 4 63 39 86 0 7 33 38 45 85 9 70 83 57 38 62 12 36 5 73 78 59 65 65 73 46 16 54 43 15 84 38 71 74 3 64 54 44 79 87 50
98 41 94 19 71 93 93 71 34 56 6 100 30 7 0 97 10 70 23 65 20 25 94 24 77 37 23 98 80 99 58 65 35 97 8 27 89 49 58 40 59 45 51 87 50 48 100 81 67 81
66 82 33 26 52 81 64 1 32 69 71 14 15 33 97 0 80 89 99 79 3 38 17 28 59 51 5 50 72 4 7 69 2 56 80 81 96 28 77 98 70 98 11 63 63 66 37 21 7 19
101 19 50 87 19 91 80 24 4 41 76 7 65 38 10 80 0 8 58 44 100 38 31 38 15 15 100 57 2 48 42 96 27 49 92 59 91 13 14 65 31 62 99 29 2 85 17 58 27 94
62 91 23 87 61 63 70 46 18 37 64 27 38 45 70 89 8 0 81 38 76 84 4 71 59 44 37 7 2 56 89 59 46 68 28 5 57 11 88 66 56 34 88 5 45 27 17 90 96 31
94 74 42 91 81 97 42 62 1 34 30 18 5 85 23 99 58 81 0 48 7 41 69 25 27 1 56 77 37 11 41 74 43 6 67 27 49 89 66 73 35 33 101 25 66 9 90 45 75 22
16 36 53 29 13 65 44 77 4 46 101 88 77 9 65 79 44 38 48 0 11 35 89 43 59 1 57 21 45 45 94 71 97 10 36 88 84 80 5 37 54 16 51 34 7 18 45 81 1 5
55 56 48 65 44 82 22 37 25 101 87 29 35 70 20 3 100 76 7 11 0 89 68 46 68 75 41 47 49 30 71 73 50 28 92 69 63 62 94 44 71 4 66 41 96 3 7 23 83 100
14 31 19 37 96 64 15 2 20 101 48 7 83 83 25 38 38 84 41 35 89 0 10 20 18 2 54 56 55 95 26 2 49 70 84 4 82 19 32 61 12 6 8 65 20 21 93 84 13 72
52 85 98 34 43 51 44 39 20 32 34 66 5 57 94 17 31 4 69 89 68 10 0 2 19 34 43 66 88 3 28 64 19 38 84 57 33 79 78 92 77 10 91 100 38 69 17 59 39 10
64 14 97 99 38 20 84 54 72 39 46 14 56 38 24 28 38 71 25 43 46 20 2 0 64 53 43 101 28 58 1 88 34 32 22 24 51 69 59 100 17 79 46 32 70 41 60 64 56 101
11 47 95 18 51 80 75 59 100 92 57 36 40 62 77 59 15 59 27 59 68 18 19 64 0 27 85 66 89 19 62 85 48 30 92 29 37 37 86 27 1 28 78 58 53 34 48 78 14 72
38 22 10 57 48 74 77 33 97 25 22 34 82 12 37 51 15 44 1 1 75 2 34 53 27 0 48 4 31 17 60 25 8 95 52 53 33 68 44 1 63 51 97 12 98 27 19 50 45 14
21 11 56 30 60 100 88 52 42 43 68 47 40 36 23 5 100 37 56 57 41 54 43 43 85 48 0 59 61 58 100 86 45 79 31 28 25 90 26 40 66 62 98 51 89 63 45 87 68 19
13 8 40 84 13 87 70 91 27 63 101 14 3 5 98 50 57 7 77 21 47 56 66 101 66 4 59 0 5 1 42 55 23 59 66 58 21 76 42 29 68 58 10 85 51 55 31 77 26 54
35 1 72 45 87 92 55 35 44 1 13 22 97 73 80 72 2 2 37 45 49 55 88 28 89 31 61 5 0 51 15 31 49 12 74 68 66 58 71 98 36 95 2 85 22 17 74 28 9 57
67 46 98 56 39 75 49 2 14 44 92 79 46 78 99 4 48 56 11 45 30 95 3 58 19 17 58 1 51 0 31 28 92 72 84 11 3 51 37 59 84 28 101 28 19 34 37 24 14 83
51 85 4 50 3 16 71 47 21 32 71 85 12 59 58 7 42 89 41 94 71 26 28 1 62 60 100 42 15 31 0 33 66 26 7 13 64 66 61 94 46 32 72 49 89 22 74 55 62 97
6 54 57 87 73 80 18 5 82 42 10 55 16 65 65 69 96 59 74 71 73 2 64 88 85 25 86 55 31 28 33 0 66 19 91 22 13 37 63 10 2 60 77 101 92 25 9 54 85 58
57 16 60 95 15 21 79 22 64 20 16 28 74 65 35 2 27 46 43 97 50 49 19 34 48 8 45 23 49 92 66 66 0 75 37 41 8 71 29 28 90 97 5 73 10 93 68 19 91 89
66 9 56 45 24 58 82 92 16 46 37 3 38 73 97 56 49 68 6 10 28 70 38 32 30 95 79 59 12 72 26 19 75 0 22 79 97 55 23 42 43 51 50 15 99 18 75 12 24 47
12 38 50 17 86 4 83 51 99 13 94 51 83 46 8 80 92 28 67 36 92 84 84 22 92 52 31 66 74 84 7 91 37 22 0 72 27 16 17 10 61 72 99 2 84 48 44 55 41 53
83 30 71 42 9 12 35 88 63 8 95 11 96 16 27 81 59 5 27 88 69 4 57 24 29 53 28 58 68 11 13 22 41 79 72 0 72 33 33 96 84 81 55 19 95 5 59 94 34 71
30 74 2 88 59 35 31 20 79 3 70 61 65 54 89 96 91 57 49 84 63 82 33 51 37 33 25 21 66 3 64 13 8 97 27 72 0 17 94 31 44 89 82 12 74 25 26 85 72 17
57 35 77 8 100 100 90 96 5 26 50 57 11 43 49 28 13 11 89 80 62 19 79 69 37 68 90 76 58 51 66 37 71 55 16 33 17 0 100 87 81 38 2 44 64 38 34 93 50 3
21 4 13 98 87 75 49 44 100 20 55 54 49 15 58 77 14 88 66 5 94 32 78 59 86 44 26 42 71 37 61 63 29 23 17 33 94 100 0 79 36 5 77 51 63 40 30 73 29 21
30 21 99 19 100 18 87 15 83 7 57 7 55 84 40 98 65 66 73 37 44 61 92 100 27 1 40 29 98 59 94 10 28 42 10 96 31 87 79 0 59 80 90 87 10 42 83 84 52 44
26 97 92 12 44 5 29 50 101 83 64 17 91 38 59 70 31 56 35 54 71 12 77 17 1 63 66 68 36 84 46 2 90 43 61 84 44 81 36 59 0 89 96 50 66 94 26 53 20 18
2 45 37 52 14 61 84 41 57 40 27 27 46 71 45 98 62 34 33 16 4 6 10 79 28 51 62 58 95 28 32 60 97 51 72 81 89 38 5 80 89 0 93 73 96 22 45 46 37 66
97 62 40 76 11 60 88 4 57 49 93 54 74 74 51 11 99 88 101 51 66 8 91 46 78 97 98 10 2 101 72 77 5 50 99 55 82 2 77 90 96 93 0 19 67 45 47 7 43 44
71 63 91 24 20 99 24 16 51 101 19 83 71 3 87 63 29 5 25 34 41 65 100 32 58 12 51 85 85 28 49 101 73 15 2 19 12 44 51 87 50 73 19 0 11 25 93 13 82 52
77 87 68 39 88 8 17 41 95 48 97 55 79 64 50 63 2 45 66 7 96 20 38 70 53 98 89 51 22 19 89 92 10 99 84 95 74 64 63 10 66 96 67 11 0 70 78 20 63 35
66 34 90 75 21 79 33 51 101 39 43 44 89 54 48 66 85 27 9 18 3 21 69 41 34 27 63 55 17 34 22 25 93 18 48 5 25 38 40 42 94 22 45 25 70 0 84 80 51 75
58 48 26 10 61 52 55 87 47 15 47 65 65 44 100 37 17 17 90 45 7 93 17 60 48 19 45 31 74 37 74 9 68 75 44 59 26 34 30 83 26 45 47 93 78 84 0 71 45 78
36 14 47 25 16 36 5 7 55 48 36 73 12 79 81 21 58 90 45 81 23 84 59 64 78 50 87 77 28 24 55 54 19 12 55 94 85 93 73 84 53 46 7 13 20 80 71 0 55 25
64 83 23 19 51 30 57 46 86 34 28 32 84 87 67 7 27 96 75 1 83 13 39 56 14 45 68 26 9 14 62 85 91 24 41 34 72 50 29 52 20 37 43 82 63 51 45 55 0 40
17 24 37 78 19 63 62 45 23 25 38 7 64 50 81 19 94 31 22 5 100 72 10 101 72 14 19 54 57 83 97 58 89 47 53 71 17 3 21 44 18 66 44 52 35 75 78 25 40 0
