0 76 78 47 87 66 76 83 18 2 48 75 91 2 38 93 11 15 41 24 69 57 42 55 16 65 52 59 98 22 81 93 22 81 91 58 54 19 75 79 30 97 84 58 6 84 24 100 86 51
76 0 22 10 32 14 31 51 70 30 18 39 20 1 57 65 28 80 49 1 26 56 30 62 94 79 58 50 9 101 10 26 39 4 50 80 31 70 40 23 76 52 1 35 51 67 72 31 101 70
78 22 0 4 101 66 32 21 41 95 9 95 28 100 94 51 51 87 32 63 6 6 15 54 59 17 89 77 7 77 91 87 52 13 63 61 99 29 90 18 35 51 37 97 66 88 78 85 52 31
47 10 4 0 68 77 46 59 71 64 37 82 56 89 101 29 87 22 59 51 16 12 8 50 83 78 49 47 84 46 54 28 26 38 34 68 62 75 14 22 85 48 39 76 72 51 87 94 90 83
87 32 101 68 0 97 14 80 47 85 16 32 35 90 25 68 16 78 28 94 60 81 71 81 61 100 17 29 59 57 23 44 41 13 99 87 3 84 86 89 16 7 75 82 57 32 18 70 65 78
66 14 66 77 97 0 59 99 41 87 7 96 80 58 41 61 12 36 56 2 54 28 44 68 77 4 90 79 87 20 7 41 8 57 74 86 101 48 51 62 93 74 34 47 10 23 33 18 7 6
76 31 32 46 14 59 0 14 65 50 55 40 83 19 34 54 72 17 56 76 93 17 18 101 36 68 45 73 65 57 49 66 27 97 85 65 61 47 10 43 95 59 68 13 94 25 47 76 86 73
83 51 21 59 80 99 14 0 4 57 15 3 64 45 10 44 10 49 62 75 46 53 37 23 12 42 10 18 86 97 61 84 68 73 21 69 76 35 60 39 66 47 82 5 1 80 50 28 13 43
18 70 41 71 47 41 65 4 0 64 68 75 93 9 56 34 98 94 79 90 22 33 40 36 101 58 59 8 3 87 45 76 79 8 60 70 6 62 1 62 21 68 69 70 80 91 69 64 60 34
2 30 95 64 85 87 50 57 64 0 72 6 32 85 92 30 67 2 86 69 2 68 46 50 14 85 55 62 37 69 38 28 39 42 96 83 58 82 92 84 9 11 36 91 77 67 75 69 83 32
48 18 9 37 16 7 55 15 68 72 0 58 73 30 92 60 51 35 30 36 60 23 74 74 16 1 99 28 85 81 68 83 30 37 43 77 25 26 75 49 26 95 78 5 7 72 54 8 54 68
75 39 95 82 32 96 40 3 75 6 58 0 95 19 9 89 53 78 73 34 10 95 60 33 96 95 22 96 20 42 25 55 90 80 64 94 30 99 46 72 54 89 27 41 46 64 70 28 30 73
91 20 28 56 35 80 83 64 93 32 73 95 0 62 58 90 33 12 100 85 26 19 66 51 98 88 25 66 61 16 51 63 72 65 97 31 87 82 83 3 55 85 23 43 92 42 23 39 98 52
2 1 100 89 90 58 19 45 9 85 30 19 62 0 81 32 26 53 62 39 67 15 79 59 90 48 35 76 61 100 14 88 69 5 91 99 94 66 28 90 55 59 14 100 90 32 91 51 23 9
38 57 94 101 25 41 34 10 56 92 92 9 58 81 0 53 27 50 1 42 60 32 53 59 56 62 3 84 69 85 41 8 33 13 71 16 15 58 16 10 29 42 27 63 59 12 45 64 10 46
93 65 51 29 68 61 54 44 34 30 60 89 90 32 53 0 93 88 18 20 93 2 8 98 101 82 86 87 7 90 76 66 9 51 94 45 40 51 20 86 92 22 94 97 44 19 98 34 24 2
11 28 51 87 16 12 72 10 98 67 51 53 33 26 27 93 0 98 81 25 69 11 45 45 45 88 61 80 77 92 58 70 13 14 94 44 37 87 84 98 27 47 93 29 36 88 26 95 11 29
15 80 87 22 78 36 17 49 94 2 35 78 12 53 50 88 98 0 45 22 67 26 27 75 34 38 77 87 62 91 23 32 85 95 38 80 60 27 60 41 97 65 26 13 52 66 62 9 63 83
41 49 32 59 28 56 56 62 79 86 30 73 100 62 1 18 81 45 0 18 17 69 81 83 85 29 55 64 23 65 64 91 3 2 51 43 73 62 14 36 74 79 81 38 15 40 79 9 15 2
24 1 63 51 94 2 76 75 90 69 36 34 85 39 42 20 25 22 18 0 47 50 63 73 38 36 48 97 75 13 6 95 14 88 53 32 18 74 66 64 5 84 31 93 54 78 97 7 62 90
69 26 6 16 60 54 93 46 22 2 60 10 26 67 60 93 69 67 17 47 0 45 30 20 28 52 51 18 15 63 46 47 11 68 75 35 56 19 47 14 24 66 88 101 86 51 51 1 86 56
57 56 6 12 81 28 17 53 33 68 23 95 19 15 32 2 11 26 69 50 45 0 87 88 88 81 55 39 37 93 74 87 101 78 62 63 69 68 73 68 94 96 76 27 31 68 1 18 93 91
42 30 15 8 71 44 18 37 40 46 74 60 66 79 53 8 45 27 81 63 30 87 0 80 79 40 43 41 53 59 61 15 47 76 72 48 10 26 50 64 93 72 42 83 77 67 39 98 16 99
55 62 54 50 81 68 101 23 36 50 74 33 51 59 59 98 45 75 83 73 20 88 80 0 43 86 18 70 8 19 92 34 46 54 60 62 81 40 100 94 57 44 16 13 7 99 40 23 6 22
16 94 59 83 61 77 36 12 101 14 16 96 98 90 56 101 45 34 85 38 28 88 79 43 0 43 59 55 47 16 90 29 92 65 3 49 72 93 70 24 62 86 27 100 50 88 95 11 79 100
65 79 17 78 100 4 68 42 58 85 1 95 88 48 62 82 88 38 29 36 52 81 40 86 43 0 9 74 69 67 36 21 68 35 18 36 5 30 21 13 11 62 24 88 3 97 62 35 74 24
52 58 89 49 17 90 45 10 59 55 99 22 25 35 3 86 61 77 55 48 51 55 43 18 59 9 0 78 41 49 11 42 32 85 35 23 60 6 70 61 51 60 67 56 69 58 51 90 56 25
59 50 77 47 29 79 73 18 8 62 28 96 66 76 84 87 80 87 64 97 18 39 41 70 55 74 78 0 70 45 85 92 88 20 72 6 91 23 65 58 48 46 68 10 60 31 43 86 20 86
98 9 7 84 59 87 65 86 3 37 85 20 61 61 69 7 77 62 23 75 15 37 53 8 47 69 41 70 0 65 8 94 21 39 98 63 72 40 56 92 54 27 99 39 8 63 42 13 4 1
22 101 77 46 57 20 57 97 87 69 81 42 16 100 85 90 92 91 65 13 63 93 59 19 16 67 49 45 65 0 83 51 90 24 41 68 92 87 30 97 79 63 93 6 56 62 34 91 71 20
81 10 91 54 23 7 49 61 45 38 68 25 51 14 41 76 58 23 64 6 46 74 61 92 90 36 11 85 8 83 0 67 58 83 41 19 7 87 41 22 25 38 28 2 57 94 69 65 28 22
93 26 87 28 44 41 66 84 76 28 83 55 63 88 8 66 70 32 91 95 47 87 15 34 29 21 42 92 94 51 67 0 78 5 63 40 96 87 75 44 76 21 39 62 81 45 99 37 69 7
22 39 52 26 41 8 27 68 79 39 30 90 72 69 33 9 13 85 3 14 11 101 47 46 92 68 32 88 21 90 58 78 0 79 44 79 12 52 76 38 15 10 28 16 3 12 94 59 52 12
81 4 13 38 13 57 97 73 8 42 37 80 65 5 13 51 14 95 2 88 68 78 76 54 65 35 85 20 39 24 83 5 79 0 42 56 39 6 4 15 14 97 35 28 74 16 98 58 69 94
91 50 63 34 99 74 85 21 60 96 43 64 97 91 71 94 94 38 51 53 75 62 72 60 3 18 35 72 98 41 41 63 44 42 0 43 29 31 54 17 37 94 93 56 35 25 25 100 72 7
58 80 61 68 87 86 65 69 70 83 77 94 31 99 16 45 44 80 43 32 35 63 48 62 49 36 23 6 63 68 19 40 79 56 43 0 48 18 9 15 41 63 61 13 45 96 51 14 52 85
54 31 99 62 3 101 61 76 6 58 25 30 87 94 15 40 37 60 73 18 56 69 10 81 72 5 60 91 72 92 7 96 12 39 29 48 0 68 53 34 61 14 27 31 12 101 60 90 47 86
19 70 29 75 84 48 47 35 62 82 26 99 82 66 58 51 87 27 62 74 19 68 26 40 93 30 6 23 40 87 87 87 52 6 31 18 68 0 36 45 25 72 71 2 77 43 68 50 21 59
75 40 90 14 86 51 10 60 1 92 75 46 83 28 16 20 84 60 14 66 47 73 50 100 70 21 70 65 56 30 41 75 76 4 54 9 53 36 0 30 96 16 76 31 89 44 70 60 19 27
79 23 18 22 89 62 43 39 62 84 49 72 3 90 10 86 98 41 36 64 14 68 64 94 24 13 61 58 92 97 22 44 38 15 17 15 34 45 30 0 65 62 1 15 13 35 68 57 40 24
30 76 35 85 16 93 95 66 21 9 26 54 55 55 29 92 27 97 74 5 24 94 93 57 62 11 51 48 54 79 25 76 15 14 37 41 61 25 96 65 0 65 52 12 61 91 70 32 77 12
97 52 51 48 7 74 59 47 68 11 95 89 85 59 42 22 47 65 79 84 66 96 72 44 86 62 60 46 27 63 38 21 10 97 94 63 14 72 16 62 65 0 28 93 46 13 63 29 15 19
84 1 37 39 75 34 68 82 69 36 78 27 23 14 27 94 93 26 81 31 88 76 42 16 27 24 67 68 99 93 28 39 28 35 93 61 27 71 76 1 52 28 0 44 68 49 5 56 70 87
58 35 97 76 82 47 13 5 70 91 5 41 43 100 63 97 29 13 38 93 101 27 83 13 100 88 56 10 39 6 2 62 16 28 56 13 31 2 31 15 12 93 44 0 97 50 88 99 8 66
6 51 66 72 57 10 94 1 80 77 7 46 92 90 59 44 36 52 15 54 86 31 77 7 50 3 69 60 8 56 57 81 3 74 35 45 12 77 89 13 61 46 68 97 0 71 8 47 37 97
84 67 88 51 32 23 25 80 91 67 72 64 42 32 12 19 88 66 40 78 51 68 67 99 88 97 58 31 63 62 94 45 12 16 25 96 101 43 44 35 91 13 49 50 71 0 26 9 6 39
24 72 78 87 18 33 47 50 69 75 54 70 23 91 45 98 26 62 79 97 51 1 39 40 95 62 51 43 42 34 69 99 94 98 25 51 60 68 70 68 70 63 5 88 8 26 0 31 55 7
100 31 85 94 70 18 76 28 64 69 8 28 39 51 64 34 95 9 9 7 1 18 98 23 11 35 90 86 13 91 65 37 59 58 100 14 90 50 60 57 32 29 56 99 47 9 31 0 80 9
86 101 52 90 65 7 86 13 60 83 54 30 98 23 10 24 11 63 15 62 86 93 16 6 79 74 56 20 4 71 28 69 52 69 72 52 47 21 19 40 77 15 70 8 37 6 55 80 0 67
51 70 31 83 78 6 73 43 34 32 68 73 52 9 46 2 29 83 2 90 56 91 99 22 100 24 25 86 1 20 22 7 12 94 7 85 86 59 27 24 12 19 87 66 97 39 7 9 67 0
