0 20 84 76 1 61 35 94 84 7 41 21 60 76 98 40 72 79 52 29 6 11 87 37 59 68 15 51 46 61 64 39 8 67 42 63 60 10 14 23 93 71 30 57 40 5 101 15 95 46
20 0 62 95 14 48 13 83 51 75 56 86 45 81 79 7 1 26 17 86 23 65 87 77 74 12 93 52 29 12 87 53 91 56 64 11 74 28 88 19 18 66 59 2 44 54 89 22 68 49
84 62 0 46 48 59 26 41 50 13 43 43 5 92 44 86 6 72 12 13 3 7 42 13 66 7 92 48 14 50 34 34 98 75 49 8 32 65 13 31 15 47 26 70 34 3 10 46 41 50
76 95 46 0 64 33 28 100 31 63 81 59 100 74 63 28 23 5 73 6 3 51 95 92 27 8 39 7 32 67 52 73 52 76 91 52 16 44 50 96 100 49 18 19 36 88 85 19 64 37
1 14 48 64 0 29 40 46 87 64 35 21 42 18 56 73 31 65 10 68 14 18 3 79 40 37 23 52 27 62 81 51 16 21 90 51 27 77 15 86 52 88 100 98 29 56 16 79 7 5
61 48 59 33 29 0 71 90 29 19 82 62 30 63 11 3 86 31 3 12 94 99 63 89 47 87 6 19 20 35 92 37 40 70 25 88 5 48 99 65 74 7 89 28 46 19 69 11 62 97
35 13 26 28 40 71 0 4 33 71 76 23 4 3 63 61 81 38 75 39 10 83 72 74 65 49 35 44 3 46 12 46 30 71 62 24 98 69 96 23 49 21 64 30 89 27 5 92 90 83
94 83 41 100 46 90 4 0 90 12 45 72 15 87 39 20 20 60 10 68 81 89 83 95 45 72 68 4 11 101 10 11 38 51 65 60 50 11 99 68 97 46 43 7 95 64 52 34 7 95
84 51 50 31 87 29 33 90 0 87 7 71 43 22 90 14 18 5 31 49 63 31 92 24 51 34 101 85 9 17 84 24 91 61 76 17 84 3 28 36 101 31 30 13 48 58 10 37 10 44
7 75 13 63 64 19 71 12 87 0 75 11 12 50 18 28 3 59 88 21 19 14 101 43 55 93 26 98 83 43 56 67 66 52 63 91 53 35 95 69 78 26 85 65 37 88 59 14 61 22
41 56 43 81 35 82 76 45 7 75 0 58 23 101 2 7 52 54 72 43 88 58 19 48 44 3 7 3 18 13 45 100 20 49 19 45 9 30 75 36 1 2 70 60 35 77 83 99 45 94
21 86 43 59 21 62 23 72 71 11 58 0 4 5 75 39 16 76 42 78 92 5 23 8 100 4 76 95 61 7 89 24 41 81 5 95 53 2 24 79 34 75 26 92 91 85 57 37 100 88
60 45 5 100 42 30 4 15 43 12 23 4 0 33 37 35 29 12 64 26 30 1 45 96 35 13 60 76 57 92 92 40 1 38 26 96 31 76 48 18 22 43 64 73 72 68 59 36 82 17
76 81 92 74 18 63 3 87 22 50 101 5 33 0 84 24 46 83 56 23 63 13 73 40 79 87 2 68 91 32 5 37 33 60 75 11 74 96 3 24 40 101 15 25 61 24 28 72 54 42
98 79 44 63 56 11 63 39 90 18 2 75 37 84 0 22 68 30 4 74 81 99 79 72 83 2 32 90 87 93 38 83 60 38 82 8 92 12 28 48 61 59 50 39 66 90 79 4 12 16
40 7 86 28 73 3 61 20 14 28 7 39 35 24 22 0 49 42 68 88 51 85 50 46 62 58 23 28 17 3 37 48 63 65 97 87 85 64 66 22 93 95 72 89 27 78 48 78 4 28
72 1 6 23 31 86 81 20 18 3 52 16 29 46 68 49 0 68 12 86 39 54 29 48 57 55 20 74 80 68 3 1 2 25 96 30 67 91 7 98 3 59 72 93 11 82 86 37 45 40
79 26 72 5 65 31 38 60 5 59 54 76 12 83 30 42 68 0 38 22 89 81 55 15 25 93 57 78 11 47 31 44 3 1 26 96 6 83 6 7 95 96 47 88 78 31 33 87 84 29
52 17 12 73 10 3 75 10 31 88 72 42 64 56 4 68 12 38 0 38 41 11 60 70 12 4 19 64 77 55 23 3 54 39 101 39 60 47 40 56 79 98 91 97 61 37 27 79 93 77
29 86 13 6 68 12 39 68 49 21 43 78 26 23 74 88 86 22 38 0 4 26 37 77 6 92 61 11 77 15 76 99 78 94 11 16 8 1 49 48 57 99 62 72 14 7 91 25 84 37
6 23 3 3 14 94 10 81 63 19 88 92 30 63 81 51 39 89 41 4 0 36 40 20 58 34 56 91 79 91 33 69 18 20 48 88 23 47 28 18 58 4 42 94 63 40 55 33 49 90
11 65 7 51 18 99 83 89 31 14 58 5 1 13 99 85 54 81 11 26 36 0 87 81 87 57 65 48 94 89 27 1 33 77 4 101 74 66 92 70 2 70 20 35 65 67 18 41 54 60
87 87 42 95 3 63 72 83 92 101 19 23 45 73 79 50 29 55 60 37 40 87 0 29 54 84 20 54 10 48 12 15 66 3 18 32 78 90 94 37 91 60 43 20 53 67 57 58 72 12
37 77 13 92 79 89 74 95 24 43 48 8 96 40 72 46 48 15 70 77 20 81 29 0 71 31 77 94 98 86 20 97 55 56 50 87 30 19 12 23 46 86 14 69 19 66 41 77 66 77
59 74 66 27 40 47 65 45 51 55 44 100 35 79 83 62 57 25 12 6 58 87 54 71 0 29 98 11 86 77 101 97 34 29 18 12 32 94 1 101 52 51 6 22 3 23 56 27 9 35
68 12 7 8 37 87 49 72 34 93 3 4 13 87 2 58 55 93 4 92 34 57 84 31 29 0 54 24 22 51 46 74 25 69 85 19 56 33 91 29 91 85 32 37 4 45 80 66 1 15
15 93 92 39 23 6 35 68 101 26 7 76 60 2 32 23 20 57 19 61 56 65 20 77 98 54 0 89 58 66 65 55 22 20 90 36 57 85 15 75 15 40 38 23 37 50 57 48 11 92
51 52 48 7 52 19 44 4 85 98 3 95 76 68 90 28 74 78 64 11 91 48 54 94 11 24 89 0 91 77 9 5 93 56 83 78 32 75 48 40 17 18 71 24 39 82 79 55 8 25
46 29 14 32 27 20 3 11 9 83 18 61 57 91 87 17 80 11 77 77 79 94 10 98 86 22 58 91 0 8 18 56 84 101 35 71 42 26 71 5 11 50 10 40 29 5 59 93 77 24
61 12 50 67 62 35 46 101 17 43 13 7 92 32 93 3 68 47 55 15 91 89 48 86 77 51 66 77 8 0 93 48 74 60 28 61 38 70 34 9 20 63 90 73 33 55 64 20 22 6
64 87 34 52 81 92 12 10 84 56 45 89 92 5 38 37 3 31 23 76 33 27 12 20 101 46 65 9 18 93 0 39 33 59 86 30 1 58 27 87 25 99 75 91 73 58 10 9 45 1
39 53 34 73 51 37 46 11 24 67 100 24 40 37 83 48 1 44 3 99 69 1 15 97 97 74 55 5 56 48 39 0 97 25 28 36 92 66 56 35 70 26 90 49 96 92 5 94 88 45
8 91 98 52 16 40 30 38 91 66 20 41 1 33 60 63 2 3 54 78 18 33 66 55 34 25 22 93 84 74 33 97 0 31 12 18 25 86 23 10 57 85 37 20 73 11 40 10 69 39
67 56 75 76 21 70 71 51 61 52 49 81 38 60 38 65 25 1 39 94 20 77 3 56 29 69 20 56 101 60 59 25 31 0 33 19 101 35 19 59 79 77 58 2 46 44 75 100 77 56
42 64 49 91 90 25 62 65 76 63 19 5 26 75 82 97 96 26 101 11 48 4 18 50 18 85 90 83 35 28 86 28 12 33 0 52 88 66 4 84 32 97 26 38 5 65 6 69 54 70
63 11 8 52 51 88 24 60 17 91 45 95 96 11 8 87 30 96 39 16 88 101 32 87 12 19 36 78 71 61 30 36 18 19 52 0 98 62 99 98 8 78 75 37 72 70 38 73 64 59
60 74 32 16 27 5 98 50 84 53 9 53 31 74 92 85 67 6 60 8 23 74 78 30 32 56 57 32 42 38 1 92 25 101 88 98 0 4 21 47 48 3 95 30 41 65 28 4 37 95
10 28 65 44 77 48 69 11 3 35 30 2 76 96 12 64 91 83 47 1 47 66 90 19 94 33 85 75 26 70 58 66 86 35 66 62 4 0 57 76 63 3 77 6 52 21 56 76 70 12
14 88 13 50 15 99 96 99 28 95 75 24 48 3 28 66 7 6 40 49 28 92 94 12 1 91 15 48 71 34 27 56 23 19 4 99 21 57 0 62 12 19 36 91 59 66 47 50 78 23
23 19 31 96 86 65 23 68 36 69 36 79 18 24 48 22 98 7 56 48 18 70 37 23 101 29 75 40 5 9 87 35 10 59 84 98 47 76 62 0 38 69 49 93 69 36 24 14 61 70
93 18 15 100 52 74 49 97 101 78 1 34 22 40 61 93 3 95 79 57 58 2 91 46 52 91 15 17 11 20 25 70 57 79 32 8 48 63 12 38 0 83 16 101 84 5 12 38 79 57
71 66 47 49 88 7 21 46 31 26 2 75 43 101 59 95 59 96 98 99 4 70 60 86 51 85 40 18 50 63 99 26 85 77 97 78 3 3 19 69 83 0 65 88 6 12 75 53 95 20
30 59 26 18 100 89 64 43 30 85 70 26 64 15 50 72 72 47 91 62 42 20 43 14 6 32 38 71 10 90 75 90 37 58 26 75 95 77 36 49 16 65 0 13 10 41 14 25 65 20
57 2 70 19 98 28 30 7 13 65 60 92 73 25 39 89 93 88 97 72 94 35 20 69 22 37 23 24 40 73 91 49 20 2 38 37 30 6 91 93 101 88 13 0 83 36 45 65 86 24
40 44 34 36 29 46 89 95 48 37 35 91 72 61 66 27 11 78 61 14 63 65 53 19 3 4 37 39 29 33 73 96 73 46 5 72 41 52 59 69 84 6 10 83 0 9 49 92 39 24
5 54 3 88 56 19 27 64 58 88 77 85 68 24 90 78 82 31 37 7 40 67 67 66 23 45 50 82 5 55 58 92 11 44 65 70 65 21 66 36 5 12 41 36 9 0 85 91 31 97
101 89 10 85 16 69 5 52 10 59 83 57 59 28 79 48 86 33 27 91 55 18 57 41 56 80 57 79 59 64 10 5 40 75 6 38 28 56 47 24 12 75 14 45 49 85 0 46 18 46
15 22 46 19 79 11 92 34 37 14 99 37 36 72 4 78 37 87 79 25 33 41 58 77 27 66 48 55 93 20 9 94 10 100 69 73 4 76 50 14 38 53 25 65 92 91 46 0 64 20
95 68 41 64 7 62 90 7 10 61 45 100 82 54 12 4 45 84 93 84 49 54 72 66 9 1 11 8 77 22 45 88 69 77 54 64 37 70 78 61 79 95 65 86 39 31 18 64 0 78
46 49 50 37 5 97 83 95 44 22 94 88 17 42 16 28 40 29 77 37 90 60 12 77 35 15 92 25 24 6 1 45 39 56 70 59 95 12 23 70 57 20 20 24 24 97 46 20 78 0
