555.549643767211 621.3183952725985
815.5095613315475 653.5352477370986
546.5840663935139 511.3095560648698
989.6576433262084 598.1765480246265
950.0457931427588 499.1667753004728
998.610264147773 241.62425336333558
591.1615313142108 253.09998144461397
151.62649949697317 438.013679371512
885.3557915900778 75.00593520993671
729.9020899159748 88.71203989023768
680.6894827144351 445.5174817749117
684.4168264495426 356.849141654354
226.48363809149606 229.61549823388827
62.776439638704275 115.4303222297427
591.0360323505455 427.0583275340234
591.998846449224 656.4320293078355
918.9205604806583 57.85109755575857
944.7735690546849 157.7112906826129
14.759420950012036 747.5484107051844
54.40952821074507 123.44820888970742
