254.95085018337926 841.0911071959282
876.3921085343949 572.2705326569532
764.1991408817825 341.8662861794175
623.9538112027751 61.308868443006645
124.15678281252629 931.1964770708407
1.2342192780706585 832.036922398449
496.8710368923337 421.6700471344821
947.1921310055765 997.9968956619801
522.1030463766868 427.0973934622906
550.2546992724153 299.1922527434361
53.20878082144765 932.554225766292
637.2358446166838 382.80897425499694
165.4644868724511 70.05728547919377
800.2774196460209 610.7591673506039
726.2163827745995 910.8821545871419
580.0463951091381 587.4804845580911
641.4171773334367 603.0338329758237
343.6859102891432 515.8812372463848
239.66565160374975 333.2200377343468
251.35266697065873 998.5077947652838
