390.3208188584528 670.7760368215164
239.67219001280014 427.1821463614373
355.6546097274561 503.16552241835547
537.7585841905864 298.61444991567123
948.9512286180103 615.828969911712
356.21401175652466 150.59007999928596
527.1477537769863 831.0007073441315
968.4880421344043 820.512366366441
128.60318506243317 665.8370729547836
600.1194656712651 348.09216941075726
35.97740846311481 408.922458364246
939.8795588915908 848.8619159046931
219.44032745376296 325.4332540725007
450.7102960907551 365.3422161866523
994.1149169156524 494.8835160923297
397.5501546727209 299.1480621015058
865.8295981789742 38.92381293301816
598.0994848031078 52.241392298348785
242.23552469382415 586.6320269040145
671.3793142121385 457.7936192778805
