0 18 69 40 37 86 51 96 12 63 39 99 22 2 74 12 69 60 18 11 62 4 68 29 99 81 32 45 101 21 25 17 32 24 55 101 89 73 90 4 15 20 20 70 82 101 37 49 95 53 27 99 38 75 67 36 44 21 64 70 33 91 99 52 90 101 72 95 56 57 26 94 42 89 42 22 47 31 32 19 68 5 79 66 53 27 2 22 71 78 8 84 76 19 99 78 75 7 74 58
18 0 73 75 95 55 90 80 48 50 63 18 65 79 8 73 28 19 30 75 81 25 17 80 22 89 56 49 13 92 62 98 6 47 71 96 74 18 55 100 55 72 88 4 86 82 98 1 56 93 93 51 14 48 73 76 6 45 82 101 29 23 37 63 31 44 30 75 46 9 92 16 89 13 40 65 37 44 44 11 78 19 89 35 100 55 57 53 39 65 62 77 16 5 73 15 61 96 60 56
69 73 0 36 8 81 37 23 76 8 71 56 75 96 51 58 74 69 38 97 61 52 55 52 22 31 17 54 80 47 22 43 33 37 38 81 80 74 64 98 28 19 69 75 2 99 45 16 23 55 60 32 97 95 72 88 80 13 1 45 26 70 86 80 27 74 72 51 21 68 40 97 39 99 88 75 80 24 91 94 76 58 99 72 3 75 34 99 99 19 23 19 89 4 83 58 94 90 46 53
40 75 36 0 75 34 70 43 72 76 65 78 65 21 66 35 11 4 66 93 49 20 47 95 16 46 33 71 77 21 77 23 12 72 90 32 37 17 80 78 81 39 62 3 30 8 87 2 69 20 18 58 13 2 58 70 73 21 75 52 52 52 49 64 99 85 11 79 98 88 91 4 41 20 35 36 99 98 13 48 97 76 49 44 34 58 60 6 48 20 9 70 34 16 10 85 54 10 32 72
37 95 8 75 0 27 74 20 29 17 24 33 54 91 32 74 93 51 51 93 95 72 52 45 66 95 63 43 10 5 93 74 92 69 66 71 95 30 95 79 11 97 76 24 17 8 47 80 50 80 38 86 51 44 56 73 1 82 82 38 56 66 69 92 83 36 7 87 32 17 44 34 18 56 6 82 23 20 47 40 78 14 39 85 81 31 51 92 6 5 44 3 68 37 66 84 52 24 33 20
86 55 81 34 27 0 26 33 28 98 88 76 7 74 47 65 76 40 78 93 77 59 99 48 24 28 24 77 71 39 1 46 50 99 100 71 81 62 1 40 53 101 99 80 32 24 9 49 100 38 34 54 26 8 70 48 22 48 36 10 30 15 59 93 25 85 59 85 16 1 61 73 9 86 10 86 6 7 62 53 72 34 53 4 47 33 30 32 96 85 26 53 12 62 91 44 35 89 77 41
51 90 37 70 74 26 0 85 24 51 99 65 99 23 62 96 68 99 45 20 1 94 61 39 78 96 98 12 70 71 65 1 58 23 70 7 26 24 98 16 96 77 92 25 83 77 67 9 92 90 24 81 46 100 66 25 75 94 56 80 88 92 16 42 49 30 8 38 33 97 34 69 93 98 65 49 3 4 42 101 86 64 16 90 57 100 5 3 81 73 94 48 6 57 13 28 94 68 34 97
96 80 23 43 20 33 85 0 74 9 86 74 51 40 25 10 97 85 38 58 70 62 23 38 72 47 55 72 85 53 90 25 92 33 75 70 58 98 69 33 27 95 46 4 42 83 18 86 49 14 4 101 67 64 54 90 41 73 1 21 11 62 52 49 30 95 27 90 56 75 8 71 30 63 56 86 82 3 39 84 61 35 57 52 71 23 73 7 8 65 81 87 46 34 60 95 83 19 66 3
12 48 76 72 29 28 24 74 0 69 14 73 43 27 62 49 65 70 67 5 55 57 20 24 53 49 15 92 26 20 28 49 1 2 49 66 35 19 41 97 95 16 77 101 14 2 53 96 16 15 51 68 34 47 72 99 49 35 44 62 11 27 45 96 32 85 97 12 23 22 14 97 87 40 61 73 18 65 91 41 57 30 99 35 27 31 9 16 97 89 31 72 69 24 23 77 26 26 24 90
63 50 8 76 17 98 51 9 69 0 29 97 90 33 85 34 96 43 62 46 23 96 86 35 15 9 5 75 71 8 8 69 21 65 86 74 86 27 52 79 98 96 41 23 77 31 18 19 85 2 101 36 83 43 57 76 13 34 18 6 66 91 41 80 57 89 9 78 9 52 20 33 16 2 63 26 82 91 68 22 48 82 1 41 4 16 17 6 60 94 68 79 37 96 87 28 70 72 81 80
39 63 71 65 24 88 99 86 14 29 0 96 70 15 19 8 36 46 89 63 36 14 76 52 8 8 58 82 99 27 78 76 56 45 73 26 32 64 66 50 60 72 46 68 81 11 11 86 70 73 32 84 27 25 60 68 97 33 98 37 51 55 15 55 30 88 39 61 88 40 59 76 67 58 66 71 81 19 41 72 42 28 87 90 39 85 61 95 48 90 99 80 87 45 75 50 99 49 76 20
99 18 56 78 33 76 65 74 73 97 96 0 33 16 6 63 79 60 27 19 25 89 15 84 23 64 88 63 87 12 84 18 100 57 67 19 62 35 87 32 95 6 98 13 45 79 29 35 6 100 15 11 34 11 61 71 16 53 29 43 20 97 41 67 76 97 23 101 14 51 91 76 42 71 5 46 46 56 46 77 38 12 43 48 14 11 60 21 31 77 45 60 49 26 14 6 97 22 69 29
22 65 75 65 54 7 99 51 43 90 70 33 0 78 72 1 40 31 7 51 77 31 91 29 38 101 31 53 93 67 3 44 44 37 53 4 89 95 37 74 69 88 56 37 80 89 76 89 76 39 9 32 49 8 82 87 25 71 71 26 16 25 62 76 83 84 77 53 24 63 11 15 88 73 49 65 21 101 53 78 55 66 6 81 37 62 16 27 40 27 52 86 36 17 61 97 71 48 43 2
2 79 96 21 91 74 23 40 27 33 15 16 78 0 29 20 51 38 63 48 66 30 69 82 91 94 32 8 45 68 95 50 37 80 88 100 97 90 26 9 34 88 52 28 19 17 19 46 15 22 24 39 80 18 63 7 13 7 31 27 94 34 63 10 26 22 100 95 100 35 91 85 24 28 26 5 44 64 73 79 65 44 7 50 48 20 84 16 67 58 58 57 19 30 45 34 40 80 10 20
74 8 51 66 32 47 62 25 62 85 19 6 72 29 0 29 36 91 44 54 43 88 93 94 33 19 39 35 25 14 35 26 68 79 16 89 90 40 35 93 83 23 93 39 95 21 65 36 56 73 9 64 48 93 21 18 67 25 19 81 24 36 19 33 99 63 75 57 70 61 100 20 67 93 13 36 53 49 4 90 51 98 11 88 51 54 14 28 91 27 73 50 44 44 52 82 13 17 75 76
12 73 58 35 74 65 96 10 49 34 8 63 1 20 29 0 96 69 94 17 88 61 26 89 28 3 49 9 76 35 13 76 4 46 26 74 76 55 78 81 10 90 99 14 52 59 90 94 24 5 19 20 5 76 51 17 99 93 12 46 15 4 25 24 20 27 92 33 17 101 31 92 9 51 81 5 88 23 83 96 77 86 22 39 16 76 51 55 30 90 17 80 83 27 18 40 91 3 18 20
69 28 74 11 93 76 68 97 65 96 36 79 40 51 36 96 0 95 60 48 65 77 91 93 55 88 25 84 82 15 11 20 81 16 64 38 45 13 49 65 24 92 83 84 35 8 71 19 14 54 40 53 14 45 86 3 58 89 44 88 49 18 88 90 40 96 18 14 74 10 1 81 15 63 97 42 93 56 72 77 36 5 54 85 43 6 9 16 83 50 32 18 99 53 12 81 16 18 99 68
60 19 69 4 51 40 99 85 70 43 46 60 31 38 91 69 95 0 17 27 68 20 7 57 92 87 59 78 2 43 91 92 26 33 41 15 32 68 99 67 36 24 29 21 31 77 67 100 49 22 44 68 81 77 4 40 21 99 25 33 34 32 55 20 62 7 17 1 59 36 41 18 76 80 49 22 19 44 93 97 10 18 87 5 90 85 59 51 18 3 46 21 38 98 47 17 68 83 92 17
18 30 38 66 51 78 45 38 67 62 89 27 7 63 44 94 60 17 0 93 22 5 18 24 77 54 21 72 52 18 59 71 51 76 42 67 74 24 38 51 2 57 99 36 44 61 26 64 94 30 91 40 77 33 36 34 65 89 19 93 53 21 77 54 57 19 50 97 60 11 38 3 98 43 28 8 48 50 53 29 80 19 80 98 44 94 63 73 85 101 95 31 90 91 70 25 43 100 52 91
11 75 97 93 93 93 20 58 5 46 63 19 51 48 54 17 48 27 93 0 77 40 43 27 30 66 28 49 76 54 53 32 35 13 12 79 64 79 29 76 33 74 7 41 63 72 24 93 90 39 57 4 3 31 52 26 18 27 28 67 28 75 59 68 27 65 18 81 80 46 28 78 52 12 50 36 41 99 75 12 46 92 25 22 4 91 81 83 34 18 45 33 96 81 20 5 53 91 41 50
62 81 61 49 95 77 1 70 55 23 36 25 77 66 43 88 65 68 22 77 0 15 87 18 27 59 34 59 36 64 8 18 18 82 34 4 97 37 71 66 57 53 49 23 7 89 6 17 34 17 70 91 72 81 99 99 31 83 52 35 101 36 29 37 80 43 24 61 9 94 87 91 101 59 95 2 31 27 98 38 37 29 5 93 70 40 40 94 52 36 66 48 62 72 32 48 39 19 44 100
4 25 52 20 72 59 94 62 57 96 14 89 31 30 88 61 77 20 5 40 15 0 26 6 100 41 81 85 50 26 11 38 49 41 33 48 21 41 38 97 82 8 90 45 16 31 18 60 6 6 69 84 87 101 84 64 38 87 41 7 17 2 48 24 73 87 36 26 63 15 11 67 12 57 17 5 17 31 60 20 14 89 41 80 18 72 7 43 98 23 33 66 41 20 51 77 80 2 15 93
68 17 55 47 52 99 61 23 20 86 76 15 91 69 93 26 91 7 18 43 87 26 0 68 8 78 81 36 32 68 69 58 11 12 17 94 84 81 4 56 12 8 72 100 83 6 54 82 51 42 44 40 14 72 41 96 16 57 3 12 51 72 55 88 16 53 83 34 59 60 25 101 21 13 18 81 21 98 12 80 36 80 38 92 72 10 88 92 100 28 16 58 92 53 24 86 30 41 18 43
29 80 52 95 45 48 39 38 24 35 52 84 29 82 94 89 93 57 24 27 18 6 68 0 25 76 91 90 96 1 8 91 78 9 31 83 51 8 70 75 52 15 57 99 67 18 27 98 91 10 51 29 6 36 21 44 77 16 38 9 40 35 86 14 52 33 96 88 77 74 95 2 69 7 2 12 97 73 74 76 76 12 15 46 49 32 13 100 12 47 60 39 31 84 61 72 18 99 23 31
99 22 22 16 66 24 78 72 53 15 8 23 38 91 33 28 55 92 77 30 27 100 8 25 0 77 44 37 59 42 19 58 66 16 25 78 3 76 64 76 50 67 100 19 97 23 7 45 83 1 22 54 34 59 48 46 68 87 77 20 85 4 48 87 68 68 95 57 79 29 7 66 65 92 6 40 68 58 99 72 91 31 3 67 73 80 63 59 67 97 65 90 80 3 69 17 59 19 6 73
81 89 31 46 95 28 96 47 49 9 8 64 101 94 19 3 88 87 54 66 59 41 78 76 77 0 47 52 18 91 80 95 95 84 82 101 49 72 17 91 8 95 5 97 51 35 9 44 21 47 66 25 95 74 80 94 100 59 61 25 76 89 31 45 2 5 3 64 43 100 79 1 97 96 51 82 60 90 24 93 74 25 24 4 60 45 76 34 58 66 43 53 30 71 64 22 93 81 27 77
32 56 17 33 63 24 98 55 15 5 58 88 31 32 39 49 25 59 21 28 34 81 81 91 44 47 0 55 40 95 18 9 76 45 84 31 100 49 64 96 60 48 7 73 96 2 47 72 45 24 70 20 38 38 100 67 10 58 100 79 9 62 64 32 15 37 86 37 62 62 60 64 14 98 43 94 91 4 39 73 50 56 91 79 36 1 94 74 39 56 35 94 23 53 94 6 33 64 6 85
45 49 54 71 43 77 12 72 92 75 82 63 53 8 35 9 84 78 72 49 59 85 36 90 37 52 55 0 7 11 31 49 21 15 20 73 42 22 49 88 92 56 70 42 4 74 58 54 16 96 70 12 82 75 97 19 21 25 30 2 76 70 23 57 58 101 77 90 91 40 36 71 65 85 7 61 82 62 58 100 29 57 47 57 28 67 98 32 86 100 16 101 53 85 61 63 15 81 29 92
101 13 80 77 10 71 70 85 26 71 99 87 93 45 25 76 82 2 52 76 36 50 32 96 59 18 40 7 0 77 101 72 94 14 93 85 81 10 83 78 89 80 51 89 89 100 85 7 26 80 53 91 78 3 45 51 90 93 100 16 55 33 88 34 95 79 20 10 38 46 100 88 24 83 29 96 71 38 70 91 33 42 86 12 92 35 95 93 13 60 56 80 30 53 86 34 76 93 68 55
21 92 47 21 5 39 71 53 20 8 27 12 67 68 14 35 15 43 18 54 64 26 68 1 42 91 95 11 77 0 25 81 78 46 2 32 80 10 41 29 47 58 84 88 27 25 12 79 96 59 44 60 7 72 38 82 7 89 80 74 98 26 24 2 89 69 94 5 87 45 91 53 52 1 74 91 25 99 94 64 46 9 69 17 81 54 58 21 87 9 38 86 13 54 84 72 94 13 35 66
25 62 22 77 93 1 65 90 28 8 78 84 3 95 35 13 11 91 59 53 8 11 69 8 19 80 18 31 101 25 0 49 43 98 16 51 39 55 39 101 50 16 74 42 9 95 95 2 51 65 6 63 51 74 60 8 8 50 39 57 54 91 87 30 54 5 77 44 64 50 98 79 10 2 97 2 32 56 52 73 23 63 60 91 30 73 39 81 13 12 71 66 65 17 32 18 39 4 86 15
17 98 43 23 74 46 1 25 49 69 76 18 44 50 26 76 20 92 71 32 18 38 58 91 58 95 9 49 72 81 49 0 54 40 14 52 70 8 88 67 16 4 57 30 61 86 22 98 38 99 32 33 50 93 64 53 29 6 77 43 100 42 98 3 73 60 85 77 73 65 31 4 20 16 34 60 73 47 56 29 54 19 28 14 41 25 70 40 68 82 47 67 26 60 33 60 82 62 69 21
32 6 33 12 92 50 58 92 1 21 56 100 44 37 68 4 81 26 51 35 18 49 11 78 66 95 76 21 94 78 43 54 0 80 98 45 83 60 22 88 28 14 39 76 84 39 98 89 66 16 9 71 57 65 78 24 4 68 61 69 96 5 37 99 98 31 5 40 45 15 36 32 28 65 62 62 23 71 29 40 50 60 65 45 57 67 79 26 80 15 69 12 80 29 95 37 6 28 89 93
24 47 37 72 69 99 23 33 2 65 45 57 37 80 79 46 16 33 76 13 82 41 12 9 16 84 45 15 14 46 98 40 80 0 8 73 53 94 50 32 46 30 17 20 16 14 30 77 5 46 60 56 59 99 24 32 27 70 48 79 92 14 78 17 40 89 14 30 89 31 48 48 83 45 93 85 26 76 71 15 69 35 32 87 12 9 80 1 70 11 32 6 66 99 81 94 10 48 65 69
55 71 38 90 66 100 70 75 49 86 73 67 53 88 16 26 64 41 42 12 34 33 17 31 25 82 84 20 93 2 16 14 98 8 0 25 69 15 72 86 58 2 82 72 36 31 50 64 15 20 35 18 74 91 75 78 56 65 88 95 82 61 50 94 85 30 16 58 63 32 69 75 59 83 66 100 56 13 17 79 93 58 1 20 82 81 2 10 70 88 10 83 3 33 48 37 81 88 80 90
101 96 81 32 71 71 7 70 66 74 26 19 4 100 89 74 38 15 67 79 4 48 94 83 78 101 31 73 85 32 51 52 45 73 25 0 40 81 62 26 101 71 51 69 95 26 12 18 8 64 51 1 80 34 59 12 79 15 96 3 4 47 25 90 75 13 85 67 11 11 21 74 7 32 52 55 75 12 41 51 32 75 12 74 34 3 12 16 1 62 36 2 94 61 19 63 18 35 17 38
89 74 80 37 95 81 26 58 35 86 32 62 89 97 90 76 45 32 74 64 97 21 84 51 3 49 100 42 81 80 39 70 83 53 69 40 0 10 1 89 37 16 31 97 64 15 25 74 9 30 5 57 46 84 57 91 63 21 48 61 98 83 71 72 18 74 33 93 30 51 89 10 98 36 25 62 95 27 1 68 101 99 40 26 5 81 84 12 46 47 55 11 69 100 29 95 82 31 94 74
73 18 74 17 30 62 24 98 19 27 64 35 95 90 40 55 13 68 24 79 37 41 81 8 76 72 49 22 10 10 55 8 60 94 15 81 10 0 41 32 92 49 71 24 54 42 56 69 81 17 68 22 41 51 24 50 34 93 71 53 2 67 95 86 98 74 49 18 3 101 18 79 71 43 66 8 90 46 22 87 17 16 8 100 13 18 79 37 101 98 80 26 80 38 10 81 52 48 94 46
90 55 64 80 95 1 98 69 41 52 66 87 37 26 35 78 49 99 38 29 71 38 4 70 64 17 64 49 83 41 39 88 22 50 72 62 1 41 0 48 33 29 9 28 58 30 94 38 2 55 25 29 58 79 20 60 38 93 23 24 24 5 34 12 47 70 19 35 4 43 41 36 90 80 46 48 28 34 10 84 24 36 73 70 52 86 18 69 73 41 94 40 47 25 100 60 10 45 19 59
4 100 98 78 79 40 16 33 97 79 50 32 74 9 93 81 65 67 51 76 66 97 56 75 76 91 96 88 78 29 101 67 88 32 86 26 89 32 48 0 91 53 63 80 20 93 62 48 8 59 52 65 74 60 66 19 25 58 100 72 49 88 69 7 4 16 75 11 5 54 8 29 17 93 60 20 62 12 77 57 37 98 16 39 43 18 57 27 81 46 32 6 29 82 79 20 63 1 1 63
15 55 28 81 11 53 96 27 95 98 60 95 69 34 83 10 24 36 2 33 57 82 12 52 50 8 60 92 89 47 50 16 28 46 58 101 37 92 33 91 0 98 55 55 52 52 45 8 22 81 82 40 99 73 57 35 11 84 34 11 100 34 21 67 65 32 32 13 89 61 25 81 75 86 46 57 100 77 55 45 7 31 23 32 35 94 24 60 48 85 65 27 62 45 100 27 8 69 52 6
20 72 19 39 97 101 77 95 16 96 72 6 88 88 23 90 92 24 57 74 53 8 8 15 67 95 48 56 80 58 16 4 14 30 2 71 16 49 29 53 98 0 20 58 71 81 37 53 18 88 19 73 73 38 79 7 98 46 57 9 91 67 35 101 68 27 5 98 8 98 5 83 31 4 84 58 57 45 71 51 54 76 38 6 91 68 9 68 9 31 82 101 66 25 82 86 81 87 11 58
20 88 69 62 76 99 92 46 77 41 46 98 56 52 93 99 83 29 99 7 49 90 72 57 100 5 7 70 51 84 74 57 39 17 82 51 31 71 9 63 55 20 0 13 37 21 36 31 6 54 83 62 79 89 8 67 23 80 58 11 58 53 31 72 25 32 76 62 101 54 59 87 25 57 36 8 10 69 25 38 40 97 60 16 91 89 74 59 90 79 4 37 56 18 84 20 9 7 41 9
70 4 75 3 24 80 25 4 101 23 68 13 37 28 39 14 84 21 36 41 23 45 100 99 19 97 73 42 89 88 42 30 76 20 72 69 97 24 28 80 55 58 13 0 77 75 16 65 28 97 98 93 34 99 9 94 95 52 85 91 24 13 44 83 7 4 46 24 36 25 89 73 87 41 82 83 23 42 17 44 67 92 33 12 15 40 86 74 65 52 46 97 13 88 86 3 21 94 61 74
82 86 2 30 17 32 83 42 14 77 81 45 80 19 95 52 35 31 44 63 7 16 83 67 97 51 96 4 89 27 9 61 84 16 36 95 64 54 58 20 52 71 37 77 0 34 41 101 37 99 101 61 82 94 64 3 93 100 17 22 88 52 15 10 92 12 77 38 101 33 91 60 16 77 21 3 28 41 15 89 72 37 67 21 98 17 63 95 20 44 74 69 86 72 75 61 78 100 11 93
101 82 99 8 8 24 77 83 2 31 11 79 89 17 21 59 8 77 61 72 89 31 6 18 23 35 2 74 100 25 95 86 39 14 31 26 15 42 30 93 52 81 21 75 34 0 77 38 92 67 8 8 20 45 72 93 86 11 68 17 24 62 27 40 83 36 3 87 2 72 63 80 71 52 54 23 46 52 84 78 59 76 46 45 16 19 49 34 6 34 32 34 6 43 33 36 4 86 95 49
37 98 45 87 47 9 67 18 53 18 11 29 76 19 65 90 71 67 26 24 6 18 54 27 7 9 47 58 85 12 95 22 98 30 50 12 25 56 94 62 45 37 36 16 41 77 0 87 53 57 49 3 82 4 19 38 74 29 8 39 65 43 91 83 37 40 38 37 21 32 90 13 31 60 45 42 22 77 51 88 42 53 2 4 34 28 98 31 66 81 66 20 65 24 25 101 77 37 29 60
49 1 16 2 80 49 9 86 96 19 86 35 89 46 36 94 19 100 64 93 17 60 82 98 45 44 72 54 7 79 2 98 89 77 64 18 74 69 38 48 8 53 31 65 101 38 87 0 23 73 46 10 62 1 55 83 77 49 37 89 29 62 83 31 64 24 39 88 6 21 1 7 78 15 85 4 67 11 47 98 35 95 87 24 92 2 27 28 5 10 65 24 13 26 57 94 3 10 99 57
95 56 23 69 50 100 92 49 16 85 70 6 76 15 56 24 14 49 94 90 34 6 51 91 83 21 45 16 26 96 51 38 66 5 15 8 9 81 2 8 22 18 6 28 37 92 53 23 0 25 66 57 70 83 92 17 76 48 77 41 24 72 2 64 47 71 91 38 32 33 58 19 5 24 20 5 21 2 96 22 74 8 50 9 101 72 69 28 81 59 85 64 34 40 30 25 83 63 13 5
53 93 55 20 80 38 90 14 15 2 73 100 39 22 73 5 54 22 30 39 17 6 42 10 1 47 24 96 80 59 65 99 16 46 20 64 30 17 55 59 81 88 54 97 99 67 57 73 25 0 10 25 50 4 14 15 47 72 59 21 5 75 29 76 12 53 82 28 14 56 64 92 53 3 26 94 3 61 40 9 46 43 22 48 31 91 97 36 97 33 65 73 62 75 94 86 63 58 36 8
27 93 60 18 38 34 24 4 51 101 32 15 9 24 9 19 40 44 91 57 70 69 44 51 22 66 70 70 53 44 6 32 9 60 35 51 5 68 25 52 82 19 83 98 101 8 49 46 66 10 0 9 56 13 12 95 34 4 38 85 65 98 49 17 33 1 45 42 49 92 70 38 69 28 18 88 63 84 61 94 92 73 74 3 90 91 14 92 96 63 80 57 21 51 38 79 35 75 101 53
99 51 32 58 86 54 81 101 68 36 84 11 32 39 64 20 53 68 40 4 91 84 40 29 54 25 20 12 91 60 63 33 71 56 18 1 57 22 29 65 40 73 62 93 61 8 3 10 57 25 9 0 53 13 7 12 44 73 55 23 44 80 74 81 22 75 10 73 77 36 89 74 100 79 39 82 55 53 79 19 47 85 31 8 14 42 59 88 33 59 101 87 75 14 8 18 44 69 58 1
38 14 97 13 51 26 46 67 34 83 27 34 49 80 48 5 14 81 77 3 72 87 14 6 34 95 38 82 78 7 51 50 57 59 74 80 46 41 58 74 99 73 79 34 82 20 82 62 70 50 56 53 0 36 33 67 95 14 30 56 19 10 56 71 11 84 41 101 22 95 72 65 32 72 47 46 88 36 10 62 95 8 37 86 25 33 82 14 27 79 59 65 77 30 96 24 29 99 93 35
75 48 95 2 44 8 100 64 47 43 25 11 8 18 93 76 45 77 33 31 81 101 72 36 59 74 38 75 3 72 74 93 65 99 91 34 84 51 79 60 73 38 89 99 94 45 4 1 83 4 13 13 36 0 83 57 36 61 65 60 21 55 100 42 50 72 1 9 20 63 48 31 37 40 18 24 4 71 39 21 82 63 86 50 48 70 47 99 24 35 95 49 46 58 5 7 29 94 19 6
67 73 72 58 56 70 66 54 72 57 60 61 82 63 21 51 86 4 36 52 99 84 41 21 48 80 100 97 45 38 60 64 78 24 75 59 57 24 20 66 57 79 8 9 64 72 19 55 92 14 12 7 33 83 0 91 14 4 69 40 67 82 90 11 3 7 24 71 43 33 68 99 77 80 21 70 6 31 27 73 68 7 47 54 37 15 77 67 66 85 64 38 83 91 67 97 94 7 62 64
36 76 88 70 73 48 25 90 99 76 68 71 87 7 18 17 3 40 34 26 99 64 96 44 46 94 67 19 51 82 8 53 24 32 78 12 91 50 60 19 35 7 67 94 3 93 38 83 17 15 95 12 67 57 91 0 101 24 75 76 71 7 78 89 68 89 38 8 61 80 53 61 80 50 72 45 28 99 14 48 61 60 32 91 88 35 78 32 49 50 2 72 7 26 79 13 4 69 11 72
44 6 80 73 1 22 75 41 49 13 97 16 25 13 67 99 58 21 65 18 31 38 16 77 68 100 10 21 90 7 8 29 4 27 56 79 63 34 38 25 11 98 23 95 93 86 74 77 76 47 34 44 95 36 14 101 0 51 30 28 45 66 13 24 96 95 13 67 81 36 98 22 86 47 100 10 39 24 14 82 2 47 100 38 69 51 44 29 36 79 17 101 44 84 59 47 39 13 26 7
21 45 13 21 82 48 94 73 35 34 33 53 71 7 25 93 89 99 89 27 83 87 57 16 87 59 58 25 93 89 50 6 68 70 65 15 21 93 93 58 84 46 80 52 100 11 29 49 48 72 4 73 14 61 4 24 51 0 72 91 85 5 68 43 60 78 75 18 83 79 41 35 7 77 82 44 36 89 37 97 67 48 81 48 46 38 99 24 3 90 68 85 62 30 38 3 32 24 41 10
64 82 1 75 82 36 56 1 44 18 98 29 71 31 19 12 44 25 19 28 52 41 3 38 77 61 100 30 100 80 39 77 61 48 88 96 48 71 23 100 34 57 58 85 17 68 8 37 77 59 38 55 30 65 69 75 30 72 0 99 94 3 67 100 35 15 80 50 1 11 46 21 24 51 53 52 54 6 28 31 101 89 22 42 31 68 4 89 29 92 82 90 1 44 47 17 36 76 48 14
70 101 45 52 38 10 80 21 62 6 37 43 26 27 81 46 88 33 93 67 35 7 12 9 20 25 79 2 16 74 57 43 69 79 95 3 61 53 24 72 11 9 11 91 22 17 39 89 41 21 85 23 56 60 40 76 28 91 99 0 23 33 31 90 19 89 50 69 54 91 20 82 61 64 65 16 39 45 37 25 22 81 82 95 6 22 86 17 88 90 74 39 77 28 72 32 8 96 23 54
33 29 26 52 56 30 88 11 11 66 51 20 16 94 24 15 49 34 53 28 101 17 51 40 85 76 9 76 55 98 54 100 96 92 82 4 98 2 24 49 100 91 58 24 88 24 65 29 24 5 65 44 19 21 67 71 45 85 94 23 0 33 95 9 54 45 46 67 73 98 84 32 5 96 8 84 6 84 74 76 93 63 98 41 98 33 62 67 22 93 79 10 2 65 89 60 48 14 21 17
91 23 70 52 66 15 92 62 27 91 55 97 25 34 36 4 18 32 21 75 36 2 72 35 4 89 62 70 33 26 91 42 5 14 61 47 83 67 5 88 34 67 53 13 52 62 43 62 72 75 98 80 10 55 82 7 66 5 3 33 33 0 60 21 9 10 59 85 64 28 16 63 93 71 3 40 81 81 59 13 82 1 37 18 30 88 79 7 89 20 25 4 10 53 46 65 10 55 84 14
99 37 86 49 69 59 16 52 45 41 15 41 62 63 19 25 88 55 77 59 29 48 55 86 48 31 64 23 88 24 87 98 37 78 50 25 71 95 34 69 21 35 31 44 15 27 91 83 2 29 49 74 56 100 90 78 13 68 67 31 95 60 0 81 35 76 88 20 92 27 32 41 65 35 92 27 36 23 52 88 100 65 80 93 46 79 52 8 9 86 29 46 22 21 38 80 90 28 99 68
52 63 80 64 92 93 42 49 96 80 55 67 76 10 33 24 90 20 54 68 37 24 88 14 87 45 32 57 34 2 30 3 99 17 94 90 72 86 12 7 67 101 72 83 10 40 83 31 64 76 17 81 71 42 11 89 24 43 100 90 9 21 81 0 85 38 15 93 24 13 70 28 31 70 42 100 81 4 66 70 38 84 13 69 30 35 19 72 27 41 62 85 6 10 48 78 32 43 59 46
90 31 27 99 83 25 49 30 32 57 30 76 83 26 99 20 40 62 57 27 80 73 16 52 68 2 15 58 95 89 54 73 98 40 85 75 18 98 47 4 65 68 25 7 92 83 37 64 47 12 33 22 11 50 3 68 96 60 35 19 54 9 35 85 0 4 96 6 10 88 8 34 87 93 34 64 100 37 50 14 94 72 99 27 13 8 49 26 20 45 63 50 68 62 16 64 2 28 71 71
101 44 74 85 36 85 30 95 85 89 88 97 84 22 63 27 96 7 19 65 43 87 53 33 68 5 37 101 79 69 5 60 31 89 30 13 74 74 70 16 32 27 32 4 12 36 40 24 71 53 1 75 84 72 7 89 95 78 15 89 45 10 76 38 4 0 83 29 58 60 43 53 8 49 41 48 79 40 70 42 31 94 49 12 42 74 68 100 25 46 11 75 30 46 97 30 8 12 97 83
72 30 72 11 7 59 8 27 97 9 39 23 77 100 75 92 18 17 50 18 24 36 83 96 95 3 86 77 20 94 77 85 5 14 16 85 33 49 19 75 32 5 76 46 77 3 38 39 91 82 45 10 41 1 24 38 13 75 80 50 46 59 88 15 96 83 0 30 89 37 19 35 97 10 59 46 77 16 21 40 58 86 92 84 55 100 57 44 52 90 2 33 91 7 37 25 27 29 62 53
95 75 51 79 87 85 38 90 12 78 61 101 53 95 57 33 14 1 97 81 61 26 34 88 57 64 37 90 10 5 44 77 40 30 58 67 93 18 35 11 13 98 62 24 38 87 37 88 38 28 42 73 101 9 71 8 67 18 50 69 67 85 20 93 6 29 30 0 15 5 22 37 54 34 7 41 84 78 58 34 101 44 44 90 75 66 74 32 31 7 6 51 43 57 88 31 50 27 28 21
56 46 21 98 32 16 33 56 23 9 88 14 24 100 70 17 74 59 60 80 9 63 59 77 79 43 62 91 38 87 64 73 45 89 63 11 30 3 4 5 89 8 101 36 101 2 21 6 32 14 49 77 22 20 43 61 81 83 1 54 73 64 92 24 10 58 89 15 0 68 82 74 65 95 34 84 22 75 12 76 2 39 85 23 81 14 26 73 25 21 47 24 46 4 45 22 84 19 63 69
57 9 68 88 17 1 97 75 22 52 40 51 63 35 61 101 10 36 11 46 94 15 60 74 29 100 62 40 46 45 50 65 15 31 32 11 51 101 43 54 61 98 54 25 33 72 32 21 33 56 92 36 95 63 33 80 36 79 11 91 98 28 27 13 88 60 37 5 68 0 64 25 58 93 68 96 37 9 46 42 62 65 77 88 68 51 35 95 5 18 95 80 4 56 85 54 67 85 60 21
26 92 40 91 44 61 34 8 14 20 59 91 11 91 100 31 1 41 38 28 87 11 25 95 7 79 60 36 100 91 98 31 36 48 69 21 89 18 41 8 25 5 59 89 91 63 90 1 58 64 70 89 72 48 68 53 98 41 46 20 84 16 32 70 8 43 19 22 82 64 0 30 7 17 18 25 38 58 39 54 74 33 70 12 5 96 44 73 56 31 32 1 23 64 45 93 26 89 88 34
94 16 97 4 34 73 69 71 97 33 76 76 15 85 20 92 81 18 3 78 91 67 101 2 66 1 64 71 88 53 79 4 32 48 75 74 10 79 36 29 81 83 87 73 60 80 13 7 19 92 38 74 65 31 99 61 22 35 21 82 32 63 41 28 34 53 35 37 74 25 30 0 45 73 19 52 34 71 80 67 70 95 6 4 79 80 33 88 30 42 43 95 19 91 26 19 61 23 76 37
42 89 39 41 18 9 93 30 87 16 67 42 88 24 67 9 15 76 98 52 101 12 21 69 65 97 14 65 24 52 10 20 28 83 59 7 98 71 90 17 75 31 25 87 16 71 31 78 5 53 69 100 32 37 77 80 86 7 24 61 5 93 65 31 87 8 97 54 65 58 7 45 0 75 12 52 27 59 26 53 96 63 50 54 73 80 36 14 73 27 18 54 26 14 100 57 77 13 18 71
89 13 99 20 56 86 98 63 40 2 58 71 73 28 93 51 63 80 43 12 59 57 13 7 92 96 98 85 83 1 2 16 65 45 83 32 36 43 80 93 86 4 57 41 77 52 60 15 24 3 28 79 72 40 80 50 47 77 51 64 96 71 35 70 93 49 10 34 95 93 17 73 75 0 34 13 82 31 59 62 30 69 29 65 41 83 33 38 12 5 4 41 59 59 100 36 70 54 74 11
42 40 88 35 6 10 65 56 61 63 66 5 49 26 13 81 97 49 28 50 95 17 18 2 6 51 43 7 29 74 97 34 62 93 66 52 25 66 46 60 46 84 36 82 21 54 45 85 20 26 18 39 47 18 21 72 100 82 53 65 8 3 92 42 34 41 59 7 34 68 18 19 12 34 0 78 3 21 80 98 36 6 63 76 87 86 97 35 75 39 20 60 1 41 96 38 46 28 52 29
22 65 75 36 82 86 49 86 73 26 71 46 65 5 36 5 42 22 8 36 2 5 81 12 40 82 94 61 96 91 2 60 62 85 100 55 62 8 48 20 57 58 8 83 3 23 42 4 5 94 88 82 46 24 70 45 10 44 52 16 84 40 27 100 64 48 46 41 84 96 25 52 52 13 78 0 96 57 75 35 58 96 28 10 70 70 48 36 90 77 66 92 46 67 54 35 62 3 25 90
47 37 80 99 23 6 3 82 18 82 81 46 21 44 53 88 93 19 48 41 31 17 21 97 68 60 91 82 71 25 32 73 23 26 56 75 95 90 28 62 100 57 10 23 28 46 22 67 21 3 63 55 88 4 6 28 39 36 54 39 6 81 36 81 100 79 77 84 22 37 38 34 27 82 3 96 0 55 3 100 50 69 17 18 47 27 81 26 23 83 94 51 34 20 98 25 66 50 15 56
31 44 24 98 20 7 4 3 65 91 19 56 101 64 49 23 56 44 50 99 27 31 98 73 58 90 4 62 38 99 56 47 71 76 13 12 27 46 34 12 77 45 69 42 41 52 77 11 2 61 84 53 36 71 31 99 24 89 6 45 84 81 23 4 37 40 16 78 75 9 58 71 59 31 21 57 55 0 98 23 53 22 91 100 95 30 87 85 77 57 78 29 48 70 67 12 101 60 15 97
32 44 91 13 47 62 42 39 91 68 41 46 53 73 4 83 72 93 53 75 98 60 12 74 99 24 39 58 70 94 52 56 29 71 17 41 1 22 10 77 55 71 25 17 15 84 51 47 96 40 61 79 10 39 27 14 14 37 28 37 74 59 52 66 50 70 21 58 12 46 39 80 26 59 80 75 3 98 0 91 84 83 54 5 85 65 16 30 62 38 44 54 38 41 72 10 40 72 11 90
19 11 94 48 40 53 101 84 41 22 72 77 78 79 90 96 77 97 29 12 38 20 80 76 72 93 73 100 91 64 73 29 40 15 79 51 68 87 84 57 45 51 38 44 89 78 88 98 22 9 94 19 62 21 73 48 82 97 31 25 76 13 88 70 14 42 40 34 76 42 54 67 53 62 98 35 100 23 91 0 11 97 86 63 52 94 30 79 68 53 97 52 6 49 22 23 97 67 52 4
68 78 76 97 78 72 86 61 57 48 42 38 55 65 51 77 36 10 80 46 37 14 36 76 91 74 50 29 33 46 23 54 50 69 93 32 101 17 24 37 7 54 40 67 72 59 42 35 74 46 92 47 95 82 68 61 2 67 101 22 93 82 100 38 94 31 58 101 2 62 74 70 96 30 36 58 50 53 84 11 0 19 15 65 31 65 44 67 13 8 4 28 54 100 93 58 84 7 1 52
5 19 58 76 14 34 64 35 30 82 28 12 66 44 98 86 5 18 19 92 29 89 80 12 31 25 56 57 42 9 63 19 60 35 58 75 99 16 36 98 31 76 97 92 37 76 53 95 8 43 73 85 8 63 7 60 47 48 89 81 63 1 65 84 72 94 86 44 39 65 33 95 63 69 6 96 69 22 83 97 19 0 13 79 66 11 44 33 14 2 25 7 96 98 67 77 4 95 90 38
79 89 99 49 39 53 16 57 99 1 87 43 6 7 11 22 54 87 80 25 5 41 38 15 3 24 91 47 86 69 60 28 65 32 1 12 40 8 73 16 23 38 60 33 67 46 2 87 50 22 74 31 37 86 47 32 100 81 22 82 98 37 80 13 99 49 92 44 85 77 70 6 50 29 63 28 17 91 54 86 15 13 0 49 56 28 67 68 39 9 72 61 61 97 5 71 73 69 15 7
66 35 72 44 85 4 90 52 35 41 90 48 81 50 88 39 85 5 98 22 93 80 92 46 67 4 79 57 12 17 91 14 45 87 20 74 26 100 70 39 32 6 16 12 21 45 4 24 9 48 3 8 86 50 54 91 38 48 42 95 41 18 93 69 27 12 84 90 23 88 12 4 54 65 76 10 18 100 5 63 65 79 49 0 90 91 83 51 11 76 24 54 68 96 24 67 36 68 95 1
53 100 3 34 81 47 57 71 27 4 39 14 37 48 51 16 43 90 44 4 70 18 72 49 73 60 36 28 92 81 30 41 57 12 82 34 5 13 52 43 35 91 91 15 98 16 34 92 101 31 90 14 25 48 37 88 69 46 31 6 98 30 46 30 13 42 55 75 81 68 5 79 73 41 87 70 47 95 85 52 31 66 56 90 0 55 18 39 35 34 3 84 28 84 89 31 56 14 83 43
27 55 75 58 31 33 100 23 31 16 85 11 62 20 54 76 6 85 94 91 40 72 10 32 80 45 1 67 35 54 73 25 67 9 81 3 81 18 86 18 94 68 89 40 17 19 28 2 72 91 91 42 33 70 15 35 51 38 68 22 33 88 79 35 8 74 100 66 14 51 96 80 80 83 86 70 27 30 65 94 65 11 28 91 55 0 18 63 65 30 88 78 95 71 95 39 100 15 15 17
2 57 34 60 51 30 5 73 9 17 61 60 16 84 14 51 9 59 63 81 40 7 88 13 63 76 94 98 95 58 39 70 79 80 2 12 84 79 18 57 24 9 74 86 63 49 98 27 69 97 14 59 82 47 77 78 44 99 4 86 62 79 52 19 49 68 57 74 26 35 44 33 36 33 97 48 81 87 16 30 44 44 67 83 18 18 0 6 68 55 82 67 82 101 71 88 17 55 75 98
22 53 99 6 92 32 3 7 16 6 95 21 27 16 28 55 16 51 73 83 94 43 92 100 59 34 74 32 93 21 81 40 26 1 10 16 12 37 69 27 60 68 59 74 95 34 31 28 28 36 92 88 14 99 67 32 29 24 89 17 67 7 8 72 26 100 44 32 73 95 73 88 14 38 35 36 26 85 30 79 67 33 68 51 39 63 6 0 73 72 32 19 74 64 12 66 58 38 26 33
71 39 99 48 6 96 81 8 97 60 48 31 40 67 91 30 83 18 85 34 52 98 100 12 67 58 39 86 13 87 13 68 80 70 70 1 46 101 73 81 48 9 90 65 20 6 66 5 81 97 96 33 27 24 66 49 36 3 29 88 22 89 9 27 20 25 52 31 25 5 56 30 73 12 75 90 23 77 62 68 13 14 39 11 35 65 68 73 0 65 72 91 56 10 2 83 57 64 54 74
78 65 19 20 5 85 73 65 89 94 90 77 27 58 27 90 50 3 101 18 36 23 28 47 97 66 56 100 60 9 12 82 15 11 88 62 47 98 41 46 85 31 79 52 44 34 81 10 59 33 63 59 79 35 85 50 79 90 92 90 93 20 86 41 45 46 90 7 21 18 31 42 27 5 39 77 83 57 38 53 8 2 9 76 34 30 55 72 65 0 31 93 51 59 1 22 90 54 4 12
8 62 23 9 44 26 94 81 31 68 99 45 52 58 73 17 32 46 95 45 66 33 16 60 65 43 35 16 56 38 71 47 69 32 10 36 55 80 94 32 65 82 4 46 74 32 66 65 85 65 80 101 59 95 64 2 17 68 82 74 79 25 29 62 63 11 2 6 47 95 32 43 18 4 20 66 94 78 44 97 4 25 72 24 3 88 82 32 72 31 0 15 5 62 15 15 98 36 56 55
84 77 19 70 3 53 48 87 72 79 80 60 86 57 50 80 18 21 31 33 48 66 58 39 90 53 94 101 80 86 66 67 12 6 83 2 11 26 40 6 27 101 37 97 69 34 20 24 64 73 57 87 65 49 38 72 101 85 90 39 10 4 46 85 50 75 33 51 24 80 1 95 54 41 60 92 51 29 54 52 28 7 61 54 84 78 67 19 91 93 15 0 98 101 77 35 66 96 91 98
76 16 89 34 68 12 6 46 69 37 87 49 36 19 44 83 99 38 90 96 62 41 92 31 80 30 23 53 30 13 65 26 80 66 3 94 69 80 47 29 62 66 56 13 86 6 65 13 34 62 21 75 77 46 83 7 44 62 1 77 2 10 22 6 68 30 91 43 46 4 23 19 26 59 1 46 34 48 38 6 54 96 61 68 28 95 82 74 56 51 5 98 0 20 21 37 63 14 65 16
19 5 4 16 37 62 57 34 24 96 45 26 17 30 44 27 53 98 91 81 72 20 53 84 3 71 53 85 53 54 17 60 29 99 33 61 100 38 25 82 45 25 18 88 72 43 24 26 40 75 51 14 30 58 91 26 84 30 44 28 65 53 21 10 62 46 7 57 4 56 64 91 14 59 41 67 20 70 41 49 100 98 97 96 84 71 101 64 10 59 62 101 20 0 30 33 60 80 76 22
99 73 83 10 66 91 13 60 23 87 75 14 61 45 52 18 12 47 70 20 32 51 24 61 69 64 94 61 86 84 32 33 95 81 48 19 29 10 100 79 100 82 84 86 75 33 25 57 30 94 38 8 96 5 67 79 59 38 47 72 89 46 38 48 16 97 37 88 45 85 45 26 100 100 96 54 98 67 72 22 93 67 5 24 89 95 71 12 2 1 15 77 21 30 0 55 91 101 16 100
78 15 58 85 84 44 28 95 77 28 50 6 97 34 82 40 81 17 25 5 48 77 86 72 17 22 6 63 34 72 18 60 37 94 37 63 95 81 60 20 27 86 20 3 61 36 101 94 25 86 79 18 24 7 97 13 47 3 17 32 60 65 80 78 64 30 25 31 22 54 93 19 57 36 38 35 25 12 10 23 58 77 71 67 31 39 88 66 83 22 15 35 37 33 55 0 9 17 55 36
75 61 94 54 52 35 94 83 26 70 99 97 71 40 13 91 16 68 43 53 39 80 30 18 59 93 33 15 76 94 39 82 6 10 81 18 82 52 10 63 8 81 9 21 78 4 77 3 83 63 35 44 29 29 94 4 39 32 36 8 48 10 90 32 2 8 27 50 84 67 26 61 77 70 46 62 66 101 40 97 84 4 73 36 56 100 17 58 57 90 98 66 63 60 91 9 0 19 27 96
7 96 90 10 24 89 68 19 26 72 49 22 48 80 17 3 18 83 100 91 19 2 41 99 19 81 64 81 93 13 4 62 28 48 88 35 31 48 45 1 69 87 7 94 100 86 37 10 63 58 75 69 99 94 7 69 13 24 76 96 14 55 28 43 28 12 29 27 19 85 89 23 13 54 28 3 50 60 72 67 7 95 69 68 14 15 55 38 64 54 36 96 14 80 101 17 19 0 20 9
74 60 46 32 33 77 34 66 24 81 76 69 43 10 75 18 99 92 52 41 44 15 18 23 6 27 6 29 68 35 86 69 89 65 80 17 94 94 19 1 52 11 41 61 11 95 29 99 13 36 101 58 93 19 62 11 26 41 48 23 21 84 99 59 71 97 62 28 63 60 88 76 18 74 52 25 15 15 11 52 1 90 15 95 83 15 75 26 54 4 56 91 65 76 16 55 27 20 0 98
58 56 53 72 20 41 97 3 90 80 20 29 2 20 76 20 68 17 91 50 100 93 43 31 73 77 85 92 55 66 15 21 93 69 90 38 74 46 59 63 6 58 9 74 93 49 60 57 5 8 53 1 35 6 64 72 7 10 14 54 17 14 68 46 71 83 53 21 69 21 34 37 71 11 29 90 56 97 90 4 52 38 7 1 43 17 98 33 74 12 55 98 16 22 100 36 96 9 98 0
