0 89 50 24 23 22 88 22 72 99 94 8 23 64 67 28 4 52 91 39 96 70 57 98 23 3 30 20 56 15 3 76 57 87 94 83 2 66 77 72 45 54 45 50 68 9 2 8 65 89 96 68 99 67 66 4 61 41 42 68 31 9 51 45 18 96 99 90 25 31 80 83 82 3 99 89 17 99 3 49 36 7 100 78 42 44 30 3 77 32 44 6 95 88 73 72 43 99 95 35
89 0 83 67 67 23 93 77 73 78 32 24 73 21 90 97 73 79 15 50 32 66 45 26 62 60 99 43 60 100 43 55 90 6 46 36 7 80 32 22 21 72 70 3 90 21 87 20 93 43 64 3 90 6 31 82 6 48 99 75 55 34 54 90 96 4 80 67 84 90 5 45 26 69 99 13 56 14 83 32 23 92 62 12 87 48 84 62 68 101 9 90 5 63 85 32 75 56 23 18
50 83 0 70 15 97 6 36 16 81 52 32 6 95 74 96 89 73 43 42 37 47 25 52 63 62 44 88 83 78 99 80 51 46 100 5 95 65 49 21 3 68 43 27 72 55 45 79 52 67 60 100 92 67 29 100 98 19 67 60 93 8 11 24 85 7 52 58 75 100 68 19 65 16 44 84 57 48 100 44 36 60 17 74 54 11 60 10 78 42 64 28 2 87 27 77 26 9 64 90
24 67 70 0 35 32 27 43 78 66 4 9 44 88 31 98 98 58 3 54 30 98 10 30 4 69 99 77 44 10 84 39 74 36 86 84 13 101 7 68 84 57 9 18 67 34 26 83 94 70 5 79 14 73 11 13 73 79 46 20 47 11 1 44 79 29 11 59 26 8 1 86 84 93 42 81 85 26 77 39 65 86 48 97 75 88 51 28 22 74 54 43 1 86 83 79 68 82 9 28
23 67 15 35 0 77 70 38 78 49 23 28 60 78 51 29 88 14 32 52 72 73 62 24 13 63 76 71 82 46 32 78 10 91 59 25 38 33 59 10 89 67 39 87 62 47 53 71 45 13 33 92 26 96 30 12 21 57 89 9 30 53 8 55 77 13 7 21 65 29 50 77 9 24 11 3 101 47 73 14 46 30 2 101 47 87 88 52 24 5 47 5 83 53 84 74 24 7 57 100
22 23 97 32 77 0 7 87 7 34 25 40 3 7 17 26 55 43 38 66 15 96 96 29 61 18 79 26 7 26 89 21 8 24 69 52 60 36 20 15 41 23 67 26 26 20 1 31 100 53 71 49 88 39 73 81 28 63 85 34 35 79 97 36 92 84 3 74 34 33 90 28 70 68 42 31 74 78 60 4 35 69 1 16 56 38 37 11 12 60 62 32 27 24 87 16 18 26 14 43
88 93 6 27 70 7 0 23 61 75 92 31 42 38 13 43 62 19 93 101 83 72 81 2 78 95 23 74 78 29 22 22 74 27 22 19 51 87 89 25 38 76 93 29 94 47 79 29 86 16 44 87 85 44 69 29 38 42 41 1 41 19 54 55 10 29 37 83 97 61 27 98 62 5 54 59 43 57 85 91 36 79 72 25 59 90 29 11 48 96 65 48 32 59 101 20 44 18 4 74
22 77 36 43 38 87 23 0 96 19 46 39 97 14 36 45 72 97 44 74 79 83 27 95 100 92 35 77 78 3 83 4 97 38 9 5 60 38 26 77 94 30 21 83 5 42 69 98 34 91 31 26 62 50 77 98 31 55 12 50 4 85 10 10 24 4 80 35 54 44 97 3 61 74 67 62 95 75 43 3 37 14 53 87 46 72 55 52 18 74 91 60 68 61 77 20 90 52 30 67
72 73 16 78 78 7 61 96 0 96 53 49 19 8 15 40 4 33 98 86 99 44 54 30 32 99 5 79 26 96 46 97 89 28 45 59 12 1 6 2 67 4 16 73 77 55 46 59 4 3 33 47 81 19 20 49 54 75 74 61 58 73 94 36 56 47 6 41 48 81 15 9 49 52 91 97 24 54 75 23 3 31 21 60 75 78 41 64 28 21 80 88 61 38 74 86 46 99 50 49
99 78 81 66 49 34 75 19 96 0 71 89 69 73 79 1 20 2 52 73 97 78 11 72 89 38 46 46 70 25 12 11 13 99 93 14 66 98 17 84 64 73 40 18 2 66 28 26 41 55 98 46 4 13 49 44 49 52 94 2 1 13 31 99 8 65 56 68 97 100 32 39 36 94 31 38 55 69 101 58 6 21 70 37 15 87 79 27 53 40 97 44 15 83 24 43 33 53 62 71
94 32 52 4 23 25 92 46 53 71 0 42 4 68 15 5 4 31 99 80 17 97 61 91 24 56 95 73 35 26 92 1 97 53 57 30 101 77 74 50 39 34 26 41 58 61 68 62 3 51 73 86 45 43 80 50 87 67 69 17 34 84 78 33 54 6 48 63 59 63 34 62 76 83 83 83 96 46 60 2 39 41 87 26 99 54 41 8 48 88 41 34 37 92 47 71 87 56 56 95
8 24 32 9 28 40 31 39 49 89 42 0 38 98 92 69 57 27 70 80 32 65 12 54 58 57 98 14 88 6 1 24 4 61 71 24 30 39 15 58 2 81 21 88 33 73 71 17 61 4 69 1 7 10 7 48 33 7 59 100 60 71 74 100 18 71 10 14 66 10 66 99 53 5 3 91 59 88 49 55 98 58 50 44 43 1 17 30 49 41 50 66 29 51 80 62 26 85 3 32
23 73 6 44 60 3 42 97 19 69 4 38 0 63 76 101 1 62 44 84 14 33 35 99 96 94 25 8 16 57 76 19 57 42 26 30 98 69 55 92 88 20 51 2 96 43 38 90 8 56 56 14 12 47 1 7 57 3 85 23 26 40 21 37 22 36 96 51 55 94 2 78 40 50 17 77 34 40 2 12 78 26 28 67 25 25 20 90 14 22 80 64 21 66 25 75 80 18 85 6
64 21 95 88 78 7 38 14 8 73 68 98 63 0 17 66 51 6 42 89 1 4 2 86 28 9 85 42 19 91 69 88 44 28 15 27 5 18 85 86 55 5 93 78 87 40 12 78 71 27 54 24 94 46 19 17 91 29 54 9 52 51 87 87 85 13 56 78 91 69 49 77 55 7 22 91 46 51 15 38 70 68 80 32 35 97 82 55 91 95 58 52 49 83 52 46 86 35 31 92
67 90 74 31 51 17 13 36 15 79 15 92 76 17 0 9 78 69 63 61 66 27 72 32 78 74 93 53 101 69 26 13 19 6 29 81 27 88 5 98 100 32 25 62 83 68 62 64 69 76 62 18 55 30 99 26 2 67 73 83 82 36 74 86 49 27 49 52 36 33 52 8 54 27 11 30 33 24 63 13 9 97 28 8 68 69 52 80 19 54 58 47 35 29 24 75 45 43 56 26
28 97 96 98 29 26 43 45 40 1 5 69 101 66 9 0 76 93 101 73 30 38 29 86 86 86 71 61 88 37 93 20 94 79 20 21 5 73 73 43 70 94 52 19 80 25 52 63 18 79 25 75 27 31 14 74 56 43 97 38 59 95 74 8 18 8 64 20 88 28 35 31 87 86 37 73 73 45 50 90 6 97 21 64 57 70 40 24 75 99 62 99 42 40 7 81 79 26 47 63
4 73 89 98 88 55 62 72 4 20 4 57 1 51 78 76 0 78 94 90 21 69 98 4 34 2 101 91 61 35 37 48 51 4 51 91 50 30 51 7 80 17 39 87 85 1 88 49 68 80 33 46 61 78 77 58 37 82 29 46 57 99 58 79 18 50 26 66 28 23 12 99 54 9 2 14 34 21 70 45 95 37 64 46 42 47 70 69 99 23 85 4 73 29 58 100 30 101 54 76
52 79 73 58 14 43 19 97 33 2 31 27 62 6 69 93 78 0 85 39 19 83 88 87 7 66 19 65 18 79 97 18 91 2 71 27 68 95 61 57 36 49 79 90 44 51 69 40 2 36 90 98 72 80 74 14 97 10 5 92 5 77 56 83 26 45 90 40 56 75 20 62 42 46 36 83 5 22 53 2 13 63 57 20 43 80 10 55 13 76 33 12 95 43 10 35 84 17 65 67
91 15 43 3 32 38 93 44 98 52 99 70 44 42 63 101 94 85 0 31 45 25 52 68 8 27 74 4 84 91 8 64 32 31 35 91 71 12 13 31 76 57 37 11 56 89 60 70 39 32 1 71 84 8 78 100 82 99 3 30 36 23 7 6 75 76 18 51 15 21 21 29 59 28 9 45 101 94 87 26 100 51 68 79 17 43 25 48 46 42 72 57 6 77 47 8 77 76 87 8
39 50 42 54 52 66 101 74 86 73 80 80 84 89 61 73 90 39 31 0 93 24 29 98 36 57 8 67 75 9 34 69 55 34 8 22 69 23 101 101 18 10 64 61 1 72 10 34 54 71 88 19 21 85 50 70 68 50 28 62 26 7 67 56 53 1 14 63 41 74 99 83 97 81 13 91 51 74 95 44 98 48 16 77 101 1 78 29 93 22 33 73 59 33 17 55 46 4 45 86
96 32 37 30 72 15 83 79 99 97 17 32 14 1 66 30 21 19 45 93 0 85 74 39 15 63 67 22 84 44 10 17 24 31 85 16 51 11 19 54 66 50 8 71 72 6 18 70 93 4 74 83 55 95 4 5 101 19 4 90 45 37 77 18 83 30 72 33 61 47 86 97 52 42 87 94 81 2 77 52 83 72 11 10 27 21 80 31 18 48 9 60 95 85 66 34 55 67 84 84
70 66 47 98 73 96 72 83 44 78 97 65 33 4 27 38 69 83 25 24 85 0 15 85 36 18 69 5 23 1 101 56 61 100 97 23 34 82 38 99 25 48 53 8 56 34 83 1 23 12 99 66 9 6 31 101 75 28 59 21 1 17 6 45 88 58 13 54 99 3 88 84 17 51 67 70 19 27 81 87 101 29 49 26 91 70 97 81 10 20 10 68 26 74 29 58 64 51 65 32
57 45 25 10 62 96 81 27 54 11 61 12 35 2 72 29 98 88 52 29 74 15 0 9 30 91 39 42 50 67 22 98 59 65 2 6 69 15 47 76 61 74 77 54 86 85 40 72 49 66 77 85 98 101 71 97 46 73 64 58 86 66 56 22 34 85 55 76 44 19 69 99 9 44 84 79 63 85 6 54 30 82 97 64 25 101 57 66 23 87 87 51 48 7 51 50 47 75 41 28
98 26 52 30 24 29 2 95 30 72 91 54 99 86 32 86 4 87 68 98 39 85 9 0 76 23 33 16 47 34 20 36 15 44 99 26 28 42 9 43 66 16 29 14 89 55 87 93 26 28 27 101 55 70 37 36 3 78 34 71 61 10 29 65 17 87 14 60 22 18 91 94 73 68 73 52 92 52 97 49 74 94 97 43 33 100 35 4 89 46 74 91 45 68 30 88 50 66 97 83
23 62 63 4 13 61 78 100 32 89 24 58 96 28 78 86 34 7 8 36 15 36 30 76 0 10 100 5 97 22 84 99 59 101 34 28 40 82 96 18 56 6 66 32 51 14 46 48 52 22 65 28 64 60 4 30 82 72 48 48 100 42 73 97 88 93 9 27 89 3 98 31 81 80 13 40 37 3 1 41 8 58 26 101 39 41 53 5 97 41 74 10 50 12 88 13 4 43 54 56
3 60 62 69 63 18 95 92 99 38 56 57 94 9 74 86 2 66 27 57 63 18 91 23 10 0 12 8 73 39 95 20 37 23 56 38 75 71 45 10 19 22 71 98 60 34 71 50 17 76 43 13 6 63 82 19 47 19 65 91 69 13 79 11 81 35 3 14 23 26 72 40 46 20 63 30 74 38 41 6 76 100 83 63 79 80 16 32 52 33 69 70 84 78 94 23 6 3 87 19
30 99 44 99 76 79 23 35 5 46 95 98 25 85 93 71 101 19 74 8 67 69 39 33 100 12 0 30 8 30 44 85 13 42 2 32 41 74 7 38 94 87 82 50 54 78 35 69 59 100 81 51 3 75 78 10 8 47 66 75 88 82 73 34 55 86 58 62 86 41 47 50 33 3 77 5 39 69 11 38 8 101 78 17 53 27 34 74 65 21 3 29 34 15 49 65 1 27 61 75
20 43 88 77 71 26 74 77 79 46 73 14 8 42 53 61 91 65 4 67 22 5 42 16 5 8 30 0 7 97 28 31 85 80 44 3 52 34 73 85 26 3 40 43 98 100 2 54 48 42 95 30 86 18 79 64 87 36 68 58 49 4 52 78 32 46 3 60 38 52 91 97 76 72 58 79 22 11 78 9 33 56 42 92 28 16 17 94 60 31 69 33 1 27 72 13 25 22 52 89
56 60 83 44 82 7 78 78 26 70 35 88 16 19 101 88 61 18 84 75 84 23 50 47 97 73 8 7 0 75 11 82 61 37 76 60 33 65 25 47 60 45 48 14 61 59 22 76 76 20 75 78 15 23 72 26 60 14 64 86 22 80 6 60 91 69 51 43 71 78 47 33 34 34 70 71 23 3 42 20 52 66 1 76 34 49 26 59 27 42 14 21 59 52 50 43 29 38 69 37
15 100 78 10 46 26 29 3 96 25 26 6 57 91 69 37 35 79 91 9 44 1 67 34 22 39 30 97 75 0 26 2 2 29 34 83 23 25 71 64 97 34 74 11 4 34 36 7 6 34 71 15 25 26 54 100 52 69 45 2 48 18 87 54 36 2 70 67 80 60 8 61 14 27 66 47 11 17 93 14 1 62 47 89 27 66 55 87 100 43 78 48 66 72 43 72 21 24 92 22
3 43 99 84 32 89 22 83 46 12 92 1 76 69 26 93 37 97 8 34 10 101 22 20 84 95 44 28 11 26 0 76 37 17 7 93 59 66 23 48 10 100 54 83 57 96 1 78 56 86 100 11 35 34 75 7 27 96 69 49 70 53 51 38 88 84 61 74 17 19 18 76 23 9 23 78 44 46 33 91 48 27 37 5 60 65 3 32 52 23 19 33 58 77 1 95 73 97 1 14
76 55 80 39 78 21 22 4 97 11 1 24 19 88 13 20 48 18 64 69 17 56 98 36 99 20 85 31 82 2 76 0 13 22 2 53 7 62 55 6 85 58 75 56 71 89 15 72 47 40 34 10 60 94 36 31 11 65 29 79 98 24 44 64 96 83 73 54 74 40 67 20 41 36 45 88 32 31 64 32 40 92 27 6 18 93 71 53 29 21 39 29 26 16 79 80 21 75 55 5
57 90 51 74 10 8 74 97 89 13 97 4 57 44 19 94 51 91 32 55 24 61 59 15 59 37 13 85 61 2 37 13 0 57 85 54 79 17 6 41 7 78 32 66 88 20 75 57 27 10 16 76 91 43 27 19 57 32 91 64 94 69 20 99 92 72 66 100 80 86 47 41 68 1 34 5 101 82 50 14 22 61 73 8 94 63 25 49 60 70 9 52 93 49 69 17 77 47 18 35
87 6 46 36 91 24 27 38 28 99 53 61 42 28 6 79 4 2 31 34 31 100 65 44 101 23 42 80 37 29 17 22 57 0 60 47 12 36 51 61 79 58 78 65 79 54 41 60 88 30 12 6 53 66 45 9 51 35 72 52 14 24 81 88 62 76 58 18 3 8 38 43 64 20 7 6 84 63 32 45 3 52 67 74 15 76 63 29 33 52 62 34 67 24 76 1 62 53 17 77
94 46 100 86 59 69 22 9 45 93 57 71 26 15 29 20 51 71 35 8 85 97 2 99 34 56 2 44 76 34 7 2 85 60 0 75 50 49 67 60 42 47 83 66 88 12 93 25 60 43 75 52 17 53 81 20 43 91 87 31 49 25 77 98 45 73 23 69 38 22 95 67 64 21 74 25 26 18 73 38 43 89 98 72 44 57 57 70 74 45 56 73 20 86 45 73 77 48 98 62
83 36 5 84 25 52 19 5 59 14 30 24 30 27 81 21 91 27 91 22 16 23 6 26 28 38 32 3 60 83 93 53 54 47 75 0 3 73 69 92 7 79 70 5 65 94 67 76 8 15 100 55 19 21 46 93 94 34 80 12 81 51 64 10 18 50 51 10 65 41 73 25 88 44 17 71 9 63 11 88 31 11 86 101 23 43 28 52 38 96 38 80 58 25 96 49 22 4 54 1
2 7 95 13 38 60 51 60 12 66 101 30 98 5 27 5 50 68 71 69 51 34 69 28 40 75 41 52 33 23 59 7 79 12 50 3 0 46 26 18 92 78 47 18 76 75 64 67 37 40 63 56 67 63 47 5 53 30 40 7 1 14 68 78 53 10 32 99 61 56 47 79 53 69 30 42 90 93 37 47 2 65 97 18 68 86 74 93 95 2 87 40 20 29 58 92 38 70 49 78
66 80 65 101 33 36 87 38 1 98 77 39 69 18 88 73 30 95 12 23 11 82 15 42 82 71 74 34 65 25 66 62 17 36 49 73 46 0 35 73 30 54 92 21 51 57 92 43 35 99 83 52 98 44 46 91 74 76 74 46 81 44 84 66 17 90 54 8 6 35 92 68 12 96 73 88 71 15 61 77 93 9 47 6 27 64 44 25 12 76 92 73 33 16 65 36 54 28 90 15
77 32 49 7 59 20 89 26 6 17 74 15 55 85 5 73 51 61 13 101 19 38 47 9 96 45 7 73 25 71 23 55 6 51 67 69 26 35 0 86 31 6 57 76 28 46 81 28 17 33 20 50 44 18 51 34 33 2 87 98 58 99 86 88 54 17 30 57 42 60 79 58 38 76 78 59 5 13 90 39 99 100 47 30 38 59 68 40 87 72 51 10 27 93 39 71 36 77 94 47
72 22 21 68 10 15 25 77 2 84 50 58 92 86 98 43 7 57 31 101 54 99 76 43 18 10 38 85 47 64 48 6 41 61 60 92 18 73 86 0 85 45 54 66 100 93 68 59 36 71 19 59 38 2 68 34 23 32 98 64 35 27 46 14 45 74 31 17 100 27 59 8 65 24 45 86 84 13 80 18 11 81 73 10 49 60 52 27 75 60 39 74 22 27 42 89 38 8 47 67
45 21 3 84 89 41 38 94 67 64 39 2 88 55 100 70 80 36 76 18 66 25 61 66 56 19 94 26 60 97 10 85 7 79 42 7 92 30 31 85 0 65 78 63 14 91 41 32 55 95 89 87 65 56 37 95 25 93 61 9 27 66 2 7 31 50 45 16 41 35 92 69 93 75 77 71 24 9 66 29 50 74 44 60 13 57 33 86 55 11 15 93 32 34 54 80 75 62 11 98
54 72 68 57 67 23 76 30 4 73 34 81 20 5 32 94 17 49 57 10 50 48 74 16 6 22 87 3 45 34 100 58 78 58 47 79 78 54 6 45 65 0 74 24 6 69 18 57 46 45 2 20 2 14 59 48 4 8 46 83 97 72 89 58 66 45 41 89 7 58 7 99 8 58 36 72 41 40 50 25 95 37 41 30 44 15 22 85 62 89 72 47 30 63 46 18 16 83 18 25
45 70 43 9 39 67 93 21 16 40 26 21 51 93 25 52 39 79 37 64 8 53 77 29 66 71 82 40 48 74 54 75 32 78 83 70 47 92 57 54 78 74 0 6 59 12 82 53 57 19 55 16 96 18 95 64 16 95 86 100 35 82 61 38 37 93 68 71 13 20 9 21 38 62 2 78 101 72 37 16 101 35 58 86 49 92 31 31 14 79 68 91 63 73 98 83 4 11 80 52
50 3 27 18 87 26 29 83 73 18 41 88 2 78 62 19 87 90 11 61 71 8 54 14 32 98 50 43 14 11 83 56 66 65 66 5 18 21 76 66 63 24 6 0 69 59 52 77 35 59 88 2 86 9 31 95 24 22 86 6 16 49 35 28 33 68 99 90 80 70 77 25 36 73 69 84 48 34 101 37 48 34 44 58 101 82 35 39 79 73 36 86 70 59 71 55 4 87 62 75
68 90 72 67 62 26 94 5 77 2 58 33 96 87 83 80 85 44 56 1 72 56 86 89 51 60 54 98 61 4 57 71 88 79 88 65 76 51 28 100 14 6 59 69 0 61 55 53 42 22 50 85 99 101 80 54 96 34 38 52 47 54 7 44 9 91 49 1 43 30 25 77 23 99 11 3 13 99 35 17 85 41 16 72 68 74 82 85 94 50 90 82 36 52 52 23 40 30 76 81
9 21 55 34 47 20 47 42 55 66 61 73 43 40 68 25 1 51 89 72 6 34 85 55 14 34 78 100 59 34 96 89 20 54 12 94 75 57 46 93 91 69 12 59 61 0 63 76 74 56 47 22 93 1 74 73 95 92 1 92 39 70 61 26 31 31 90 26 57 69 81 5 30 32 73 53 30 53 6 18 23 54 97 24 30 12 56 5 17 15 42 23 71 62 28 96 42 28 20 29
2 87 45 26 53 1 79 69 46 28 68 71 38 12 62 52 88 69 60 10 18 83 40 87 46 71 35 2 22 36 1 15 75 41 93 67 64 92 81 68 41 18 82 52 55 63 0 91 18 101 61 26 44 38 47 101 59 75 22 71 100 3 101 30 85 8 84 89 80 28 43 73 9 49 22 67 4 13 66 32 101 87 59 71 75 3 40 50 54 19 2 91 24 68 75 13 8 101 41 4
8 20 79 83 71 31 29 98 59 26 62 17 90 78 64 63 49 40 70 34 70 1 72 93 48 50 69 54 76 7 78 72 57 60 25 76 67 43 28 59 32 57 53 77 53 76 91 0 56 98 87 6 76 76 98 95 86 45 51 5 23 24 47 5 49 69 7 28 77 81 91 11 86 93 68 13 86 44 81 81 63 26 38 72 94 80 57 7 65 79 78 25 16 75 92 45 93 37 42 96
65 93 52 94 45 100 86 34 4 41 3 61 8 71 69 18 68 2 39 54 93 23 49 26 52 17 59 48 76 6 56 47 27 88 60 8 37 35 17 36 55 46 57 35 42 74 18 56 0 69 64 96 74 42 72 4 43 28 86 78 54 36 20 29 51 61 50 53 1 23 2 79 90 67 95 72 100 34 15 90 66 67 95 79 55 63 46 42 11 101 91 34 3 26 97 94 21 7 90 98
89 43 67 70 13 53 16 91 3 55 51 4 56 27 76 79 80 36 32 71 4 12 66 28 22 76 100 42 20 34 86 40 10 30 43 15 40 99 33 71 95 45 19 59 22 56 101 98 69 0 91 7 42 33 12 72 47 17 75 17 40 56 19 28 14 92 45 45 85 21 79 6 59 70 2 39 91 22 67 35 14 17 26 22 49 26 24 13 34 71 70 18 93 83 101 45 53 32 54 30
96 64 60 5 33 71 44 31 33 98 73 69 56 54 62 25 33 90 1 88 74 99 77 27 65 43 81 95 75 71 100 34 16 12 75 100 63 83 20 19 89 2 55 88 50 47 61 87 64 91 0 76 71 96 4 82 20 52 81 71 37 78 24 93 50 58 51 72 53 30 10 16 67 11 5 60 70 19 3 63 26 52 77 36 93 35 66 58 95 77 95 63 57 12 42 76 2 59 86 17
68 3 100 79 92 49 87 26 47 46 86 1 14 24 18 75 46 98 71 19 83 66 85 101 28 13 51 30 78 15 11 10 76 6 52 55 56 52 50 59 87 20 16 2 85 22 26 6 96 7 76 0 78 35 50 69 30 76 15 15 24 87 41 80 35 53 38 42 80 35 55 7 99 34 32 18 82 28 50 23 17 23 24 60 16 1 16 4 99 38 20 71 13 55 9 62 23 81 16 60
99 90 92 14 26 88 85 62 81 4 45 7 12 94 55 27 61 72 84 21 55 9 98 55 64 6 3 86 15 25 35 60 91 53 17 19 67 98 44 38 65 2 96 86 99 93 44 76 74 42 71 78 0 36 44 15 54 88 64 82 100 54 29 94 2 16 46 11 14 72 82 40 75 72 74 2 94 30 43 48 101 65 43 63 24 58 58 52 95 82 69 53 69 4 81 76 31 13 16 14
67 6 67 73 96 39 44 50 19 13 43 10 47 46 30 31 78 80 8 85 95 6 101 70 60 63 75 18 23 26 34 94 43 66 53 21 63 44 18 2 56 14 18 9 101 1 38 76 42 33 96 35 36 0 33 14 60 69 92 21 28 91 97 63 14 37 27 83 62 15 76 29 88 62 29 15 9 17 82 22 89 82 20 71 66 71 56 57 15 91 80 74 61 42 9 49 88 92 38 22
66 31 29 11 30 73 69 77 20 49 80 7 1 19 99 14 77 74 78 50 4 31 71 37 4 82 78 79 72 54 75 36 27 45 81 46 47 46 51 68 37 59 95 31 80 74 47 98 72 12 4 50 44 33 0 16 65 9 85 61 5 33 22 46 39 20 85 21 100 46 28 28 1 49 64 45 12 70 99 64 27 59 28 64 59 72 56 13 38 32 24 99 19 75 4 83 34 74 87 100
4 82 100 13 12 81 29 98 49 44 50 48 7 17 26 74 58 14 100 70 5 101 97 36 30 19 10 64 26 100 7 31 19 9 20 93 5 91 34 34 95 48 64 95 54 73 101 95 4 72 82 69 15 14 16 0 55 10 19 34 5 83 18 50 97 88 9 77 37 70 57 29 58 22 72 90 66 29 79 7 10 101 10 65 56 82 92 24 85 30 20 45 95 52 11 64 71 74 40 66
61 6 98 73 21 28 38 31 54 49 87 33 57 91 2 56 37 97 82 68 101 75 46 3 82 47 8 87 60 52 27 11 57 51 43 94 53 74 33 23 25 4 16 24 96 95 59 86 43 47 20 30 54 60 65 55 0 88 41 66 22 34 93 4 94 99 19 27 2 51 15 23 21 62 1 51 53 5 66 54 62 4 77 82 36 76 27 8 61 77 33 4 67 71 58 84 75 64 86 46
41 48 19 79 57 63 42 55 75 52 67 7 3 29 67 43 82 10 99 50 19 28 73 78 72 19 47 36 14 69 96 65 32 35 91 34 30 76 2 32 93 8 95 22 34 92 75 45 28 17 52 76 88 69 9 10 88 0 78 82 62 87 66 38 31 91 27 101 62 39 69 96 53 67 91 6 78 40 41 23 55 100 32 67 22 42 6 52 90 72 13 44 10 92 43 38 69 25 100 83
42 99 67 46 89 85 41 12 74 94 69 59 85 54 73 97 29 5 3 28 4 59 64 34 48 65 66 68 64 45 69 29 91 72 87 80 40 74 87 98 61 46 86 86 38 1 22 51 86 75 81 15 64 92 85 19 41 78 0 36 50 73 63 36 76 39 72 35 26 75 101 70 85 62 73 81 21 16 76 57 64 60 101 66 25 66 19 34 70 70 18 38 100 12 31 44 4 34 36 46
68 75 60 20 9 34 1 50 61 2 17 100 23 9 83 38 46 92 30 62 90 21 58 71 48 91 75 58 86 2 49 79 64 52 31 12 7 46 98 64 9 83 100 6 52 92 71 5 78 17 71 15 82 21 61 34 66 82 36 0 73 79 75 5 13 16 37 22 98 49 97 67 21 24 66 39 99 19 38 47 11 59 13 83 34 36 88 77 13 41 15 83 92 15 69 64 70 14 49 23
31 55 93 47 30 35 41 4 58 1 34 60 26 52 82 59 57 5 36 26 45 1 86 61 100 69 88 49 22 48 70 98 94 14 49 81 1 81 58 35 27 97 35 16 47 39 100 23 54 40 37 24 100 28 5 5 22 62 50 73 0 19 24 4 58 59 6 30 88 40 83 43 91 53 6 87 5 21 25 82 13 25 58 96 68 57 71 41 4 14 46 26 50 33 11 98 54 36 72 27
9 34 8 11 53 79 19 85 73 13 84 71 40 51 36 95 99 77 23 7 37 17 66 10 42 13 82 4 80 18 53 24 69 24 25 51 14 44 99 27 66 72 82 49 54 70 3 24 36 56 78 87 54 91 33 83 34 87 73 79 19 0 8 48 42 54 56 87 29 73 51 7 19 101 65 76 34 44 100 75 86 25 60 81 34 22 44 57 76 45 92 30 57 13 73 67 16 20 69 73
51 54 11 1 8 97 54 10 94 31 78 74 21 87 74 74 58 56 7 67 77 6 56 29 73 79 73 52 6 87 51 44 20 81 77 64 68 84 86 46 2 89 61 35 7 61 101 47 20 19 24 41 29 97 22 18 93 66 63 75 24 8 0 3 77 40 14 56 5 37 63 30 95 8 30 71 34 4 67 73 90 56 66 27 24 4 4 37 83 15 92 6 99 15 46 51 27 7 49 11
45 90 24 44 55 36 55 10 36 99 33 100 37 87 86 8 79 83 6 56 18 45 22 65 97 11 34 78 60 54 38 64 99 88 98 10 78 66 88 14 7 58 38 28 44 26 30 5 29 28 93 80 94 63 46 50 4 38 36 5 4 48 3 0 99 35 5 23 46 55 4 58 53 15 68 97 5 64 12 4 12 70 65 16 58 37 6 98 75 97 60 88 82 45 100 34 42 73 95 45
18 96 85 79 77 92 10 24 56 8 54 18 22 85 49 18 18 26 75 53 83 88 34 17 88 81 55 32 91 36 88 96 92 62 45 18 53 17 54 45 31 66 37 33 9 31 85 49 51 14 50 35 2 14 39 97 94 31 76 13 58 42 77 99 0 59 38 34 70 5 10 74 55 71 15 3 63 11 92 59 16 7 45 60 49 96 1 28 45 16 43 15 93 70 56 23 44 35 34 86
96 4 7 29 13 84 29 4 47 65 6 71 36 13 27 8 50 45 76 1 30 58 85 87 93 35 86 46 69 2 84 83 72 76 73 50 10 90 17 74 50 45 93 68 91 31 8 69 61 92 58 53 16 37 20 88 99 91 39 16 59 54 40 35 59 0 94 39 47 23 61 31 5 26 49 100 66 35 18 52 57 40 64 37 59 69 63 3 54 4 71 53 85 88 11 44 97 16 37 93
99 80 52 11 7 3 37 80 6 56 48 10 96 56 49 64 26 90 18 14 72 13 55 14 9 3 58 3 51 70 61 73 66 58 23 51 32 54 30 31 45 41 68 99 49 90 84 7 50 45 51 38 46 27 85 9 19 27 72 37 6 56 14 5 38 94 0 8 67 6 34 82 17 51 58 90 47 80 53 74 20 65 70 45 68 66 58 5 45 83 83 78 21 99 100 33 70 63 89 5
90 67 58 59 21 74 83 35 41 68 63 14 51 78 52 20 66 40 51 63 33 54 76 60 27 14 62 60 43 67 74 54 100 18 69 10 99 8 57 17 16 89 71 90 1 26 89 28 53 45 72 42 11 83 21 77 27 101 35 22 30 87 56 23 34 39 8 0 72 61 18 86 91 76 78 15 60 71 11 54 5 36 79 87 19 100 21 44 16 52 38 69 3 22 95 8 80 43 36 57
25 84 75 26 65 34 97 54 48 97 59 66 55 91 36 88 28 56 15 41 61 99 44 22 89 23 86 38 71 80 17 74 80 3 38 65 61 6 42 100 41 7 13 80 43 57 80 77 1 85 53 80 14 62 100 37 2 62 26 98 88 29 5 46 70 47 67 72 0 64 32 43 80 72 71 22 61 34 9 20 72 44 28 20 9 13 78 5 63 44 42 81 82 61 56 64 50 95 26 28
31 90 100 8 29 33 61 44 81 100 63 10 94 69 33 28 23 75 21 74 47 3 19 18 3 26 41 52 78 60 19 40 86 8 22 41 56 35 60 27 35 58 20 70 30 69 28 81 23 21 30 35 72 15 46 70 51 39 75 49 40 73 37 55 5 23 6 61 64 0 101 9 33 85 74 1 19 29 96 60 80 2 50 94 83 6 15 3 89 24 49 17 40 8 86 25 54 71 16 62
80 5 68 1 50 90 27 97 15 32 34 66 2 49 52 35 12 20 21 99 86 88 69 91 98 72 47 91 47 8 18 67 47 38 95 73 47 92 79 59 92 7 9 77 25 81 43 91 2 79 10 55 82 76 28 57 15 69 101 97 83 51 63 4 10 61 34 18 32 101 0 34 33 17 17 95 64 77 65 56 37 26 9 56 36 8 11 34 75 75 47 30 96 84 17 10 26 68 9 82
83 45 19 86 77 28 98 3 9 39 62 99 78 77 8 31 99 62 29 83 97 84 99 94 31 40 50 97 33 61 76 20 41 43 67 25 79 68 58 8 69 99 21 25 77 5 73 11 79 6 16 7 40 29 28 29 23 96 70 67 43 7 30 58 74 31 82 86 43 9 34 0 59 29 41 38 86 27 26 97 25 26 87 43 75 26 43 99 63 13 80 22 82 76 62 65 3 87 30 27
82 26 65 84 9 70 62 61 49 36 76 53 40 55 54 87 54 42 59 97 52 17 9 73 81 46 33 76 34 14 23 41 68 64 64 88 53 12 38 65 93 8 38 36 23 30 9 86 90 59 67 99 75 88 1 58 21 53 85 21 91 19 95 53 55 5 17 91 80 33 33 59 0 24 89 63 34 54 55 26 60 84 59 9 30 71 50 96 59 84 34 94 18 38 4 45 60 41 21 79
3 69 16 93 24 68 5 74 52 94 83 5 50 7 27 86 9 46 28 81 42 51 44 68 80 20 3 72 34 27 9 36 1 20 21 44 69 96 76 24 75 58 62 73 99 32 49 93 67 70 11 34 72 62 49 22 62 67 62 24 53 101 8 15 71 26 51 76 72 85 17 29 24 0 98 98 74 24 8 73 12 51 6 48 100 31 4 34 82 72 87 87 67 17 16 100 14 30 8 76
99 99 44 42 11 42 54 67 91 31 83 3 17 22 11 37 2 36 9 13 87 67 84 73 13 63 77 58 70 66 23 45 34 7 74 17 30 73 78 45 77 36 2 69 11 73 22 68 95 2 5 32 74 29 64 72 1 91 73 66 6 65 30 68 15 49 58 78 71 74 17 41 89 98 0 47 79 41 63 84 37 81 26 19 87 90 48 75 86 12 62 49 17 52 73 26 18 33 33 34
89 13 84 81 3 31 59 62 97 38 83 91 77 91 30 73 14 83 45 91 94 70 79 52 40 30 5 79 71 47 78 88 5 6 25 71 42 88 59 86 71 72 78 84 3 53 67 13 72 39 60 18 2 15 45 90 51 6 81 39 87 76 71 97 3 100 90 15 22 1 95 38 63 98 47 0 56 13 52 35 48 73 10 25 51 45 2 73 27 47 7 43 45 65 100 32 28 13 57 52
17 56 57 85 101 74 43 95 24 55 96 59 34 46 33 73 34 5 101 51 81 19 63 92 37 74 39 22 23 11 44 32 101 84 26 9 90 71 5 84 24 41 101 48 13 30 4 86 100 91 70 82 94 9 12 66 53 78 21 99 5 34 34 5 63 66 47 60 61 19 64 86 34 74 79 56 0 55 63 71 50 84 68 3 16 22 51 53 83 77 4 29 61 33 6 34 1 39 95 45
99 14 48 26 47 78 57 75 54 69 46 88 40 51 24 45 21 22 94 74 2 27 85 52 3 38 69 11 3 17 46 31 82 63 18 63 93 15 13 13 9 40 72 34 99 53 13 44 34 22 19 28 30 17 70 29 5 40 16 19 21 44 4 64 11 35 80 71 34 29 77 27 54 24 41 13 55 0 60 43 58 57 75 86 73 32 43 99 25 97 55 2 72 63 3 95 64 79 18 81
3 83 100 77 73 60 85 43 75 101 60 49 2 15 63 50 70 53 87 95 77 81 6 97 1 41 11 78 42 93 33 64 50 32 73 11 37 61 90 80 66 50 37 101 35 6 66 81 15 67 3 50 43 82 99 79 66 41 76 38 25 100 67 12 92 18 53 11 9 96 65 26 55 8 63 52 63 60 0 71 90 64 32 17 1 98 33 70 96 85 1 41 8 63 32 13 38 51 12 62
49 32 44 39 14 4 91 3 23 58 2 55 12 38 13 90 45 2 26 44 52 87 54 49 41 6 38 9 20 14 91 32 14 45 38 88 47 77 39 18 29 25 16 37 17 18 32 81 90 35 63 23 48 22 64 7 54 23 57 47 82 75 73 4 59 52 74 54 20 60 56 97 26 73 84 35 71 43 71 0 50 39 40 61 15 39 11 27 96 74 91 16 23 80 101 7 56 18 47 19
36 23 36 65 46 35 36 37 3 6 39 98 78 70 9 6 95 13 100 98 83 101 30 74 8 76 8 33 52 1 48 40 22 3 43 31 2 93 99 11 50 95 101 48 85 23 101 63 66 14 26 17 101 89 27 10 62 55 64 11 13 86 90 12 16 57 20 5 72 80 37 25 60 12 37 48 50 58 90 50 0 83 72 95 32 100 98 4 99 43 11 53 30 55 16 12 7 83 74 92
7 92 60 86 30 69 79 14 31 21 41 58 26 68 97 97 37 63 51 48 72 29 82 94 58 100 101 56 66 62 27 92 61 52 89 11 65 9 100 81 74 37 35 34 41 54 87 26 67 17 52 23 65 82 59 101 4 100 60 59 25 25 56 70 7 40 65 36 44 2 26 26 84 51 81 73 84 57 64 39 83 0 46 37 10 64 38 7 96 51 32 4 25 77 101 75 75 51 98 23
100 62 17 48 2 1 72 53 21 70 87 50 28 80 28 21 64 57 68 16 11 49 97 97 26 83 78 42 1 47 37 27 73 67 98 86 97 47 47 73 44 41 58 44 16 97 59 38 95 26 77 24 43 20 28 10 77 32 101 13 58 60 66 65 45 64 70 79 28 50 9 87 59 6 26 10 68 75 32 40 72 46 0 6 5 73 6 86 92 95 20 73 78 45 26 17 80 100 83 30
78 12 74 97 101 16 25 87 60 37 26 44 67 32 8 64 46 20 79 77 10 26 64 43 101 63 17 92 76 89 5 6 8 74 72 101 18 6 30 10 60 30 86 58 72 24 71 72 79 22 36 60 63 71 64 65 82 67 66 83 96 81 27 16 60 37 45 87 20 94 56 43 9 48 19 25 3 86 17 61 95 37 6 0 38 100 37 52 51 89 56 78 33 37 97 55 23 61 48 67
42 87 54 75 47 56 59 46 75 15 99 43 25 35 68 57 42 43 17 101 27 91 25 33 39 79 53 28 34 27 60 18 94 15 44 23 68 27 38 49 13 44 49 101 68 30 75 94 55 49 93 16 24 66 59 56 36 22 25 34 68 34 24 58 49 59 68 19 9 83 36 75 30 100 87 51 16 73 1 15 32 10 5 38 0 66 63 101 15 60 63 87 44 66 73 75 80 36 27 68
44 48 11 88 87 38 90 72 78 87 54 1 25 97 69 70 47 80 43 1 21 70 101 100 41 80 27 16 49 66 65 93 63 76 57 43 86 64 59 60 57 15 92 82 74 12 3 80 63 26 35 1 58 71 72 82 76 42 66 36 57 22 4 37 96 69 66 100 13 6 8 26 71 31 90 45 22 32 98 39 100 64 73 100 66 0 63 9 79 54 31 84 14 77 86 23 88 63 26 20
30 84 60 51 88 37 29 55 41 79 41 17 20 82 52 40 70 10 25 78 80 97 57 35 53 16 34 17 26 55 3 71 25 63 57 28 74 44 68 52 33 22 31 35 82 56 40 57 46 24 66 16 58 56 56 92 27 6 19 88 71 44 4 6 1 63 58 21 78 15 11 43 50 4 48 2 51 43 33 11 98 38 6 37 63 63 0 6 62 74 36 33 101 95 17 34 13 29 98 67
3 62 10 28 52 11 11 52 64 27 8 30 90 55 80 24 69 55 48 29 31 81 66 4 5 32 74 94 59 87 32 53 49 29 70 52 93 25 40 27 86 85 31 39 85 5 50 7 42 13 58 4 52 57 13 24 8 52 34 77 41 57 37 98 28 3 5 44 5 3 34 99 96 34 75 73 53 99 70 27 4 7 86 52 101 9 6 0 92 11 64 72 51 75 86 46 100 84 69 54
77 68 78 22 24 12 48 18 28 53 48 49 14 91 19 75 99 13 46 93 18 10 23 89 97 52 65 60 27 100 52 29 60 33 74 38 95 12 87 75 55 62 14 79 94 17 54 65 11 34 95 99 95 15 38 85 61 90 70 13 4 76 83 75 45 54 45 16 63 89 75 63 59 82 86 27 83 25 96 96 99 96 92 51 15 79 62 92 0 86 93 85 45 101 36 47 28 55 28 101
32 101 42 74 5 60 96 74 21 40 88 41 22 95 54 99 23 76 42 22 48 20 87 46 41 33 21 31 42 43 23 21 70 52 45 96 2 76 72 60 11 89 79 73 50 15 19 79 101 71 77 38 82 91 32 30 77 72 70 41 14 45 15 97 16 4 83 52 44 24 75 13 84 72 12 47 77 97 85 74 43 51 95 89 60 54 74 11 86 0 35 13 1 95 19 10 9 83 55 87
44 9 64 54 47 62 65 91 80 97 41 50 80 58 58 62 85 33 72 33 9 10 87 74 74 69 3 69 14 78 19 39 9 62 56 38 87 92 51 39 15 72 68 36 90 42 2 78 91 70 95 20 69 80 24 20 33 13 18 15 46 92 92 60 43 71 83 38 42 49 47 80 34 87 62 7 4 55 1 91 11 32 20 56 63 31 36 64 93 35 0 18 84 2 26 88 94 34 58 81
6 90 28 43 5 32 48 60 88 44 34 66 64 52 47 99 4 12 57 73 60 68 51 91 10 70 29 33 21 48 33 29 52 34 73 80 40 73 10 74 93 47 91 86 82 23 91 25 34 18 63 71 53 74 99 45 4 44 38 83 26 30 6 88 15 53 78 69 81 17 30 22 94 87 49 43 29 2 41 16 53 4 73 78 87 84 33 72 85 13 18 0 88 74 39 80 10 19 65 54
95 5 2 1 83 27 32 68 61 15 37 29 21 49 35 42 73 95 6 59 95 26 48 45 50 84 34 1 59 66 58 26 93 67 20 58 20 33 27 22 32 30 63 70 36 71 24 16 3 93 57 13 69 61 19 95 67 10 100 92 50 57 99 82 93 85 21 3 82 40 96 82 18 67 17 45 61 72 8 23 30 25 78 33 44 14 101 51 45 1 84 88 0 61 42 43 69 48 25 49
88 63 87 86 53 24 59 61 38 83 92 51 66 83 29 40 29 43 77 33 85 74 7 68 12 78 15 27 52 72 77 16 49 24 86 25 29 16 93 27 34 63 73 59 52 62 68 75 26 83 12 55 4 42 75 52 71 92 12 15 33 13 15 45 70 88 99 22 61 8 84 76 38 17 52 65 33 63 63 80 55 77 45 37 66 77 95 75 101 95 2 74 61 0 76 67 12 52 34 68
73 85 27 83 84 87 101 77 74 24 47 80 25 52 24 7 58 10 47 17 66 29 51 30 88 94 49 72 50 43 1 79 69 76 45 96 58 65 39 42 54 46 98 71 52 28 75 92 97 101 42 9 81 9 4 11 58 43 31 69 11 73 46 100 56 11 100 95 56 86 17 62 4 16 73 100 6 3 32 101 16 101 26 97 73 86 17 86 36 19 26 39 42 76 0 91 9 29 21 14
72 32 77 79 74 16 20 20 86 43 71 62 75 46 75 81 100 35 8 55 34 58 50 88 13 23 65 13 43 72 95 80 17 1 73 49 92 36 71 89 80 18 83 55 23 96 13 45 94 45 76 62 76 49 83 64 84 38 44 64 98 67 51 34 23 44 33 8 64 25 10 65 45 100 26 32 34 95 13 7 12 75 17 55 75 23 34 46 47 10 88 80 43 67 91 0 38 15 47 83
43 75 26 68 24 18 44 90 46 33 87 26 80 86 45 79 30 84 77 46 55 64 47 50 4 6 1 25 29 21 73 21 77 62 77 22 38 54 36 38 75 16 4 4 40 42 8 93 21 53 2 23 31 88 34 71 75 69 4 70 54 16 27 42 44 97 70 80 50 54 26 3 60 14 18 28 1 64 38 56 7 75 80 23 80 88 13 100 28 9 94 10 69 12 9 38 0 95 45 68
99 56 9 82 7 26 18 52 99 53 56 85 18 35 43 26 101 17 76 4 67 51 75 66 43 3 27 22 38 24 97 75 47 53 48 4 70 28 77 8 62 83 11 87 30 28 101 37 7 32 59 81 13 92 74 74 64 25 34 14 36 20 7 73 35 16 63 43 95 71 68 87 41 30 33 13 39 79 51 18 83 51 100 61 36 63 29 84 55 83 34 19 48 52 29 15 95 0 52 39
95 23 64 9 57 14 4 30 50 62 56 3 85 31 56 47 54 65 87 45 84 65 41 97 54 87 61 52 69 92 1 55 18 17 98 54 49 90 94 47 11 18 80 62 76 20 41 42 90 54 86 16 16 38 87 40 86 100 36 49 72 69 49 95 34 37 89 36 26 16 9 30 21 8 33 57 95 18 12 47 74 98 83 48 27 26 98 69 28 55 58 65 25 34 21 47 45 52 0 36
35 18 90 28 100 43 74 67 49 71 95 32 6 92 26 63 76 67 8 86 84 32 28 83 56 19 75 89 37 22 14 5 35 77 62 1 78 15 47 67 98 25 52 75 81 29 4 96 98 30 17 60 14 22 100 66 46 83 46 23 27 73 11 45 86 93 5 57 28 62 82 27 79 76 34 52 45 81 62 19 92 23 30 67 68 20 67 54 101 87 81 54 49 68 14 83 68 39 36 0
