0 61 90 45 55 44 20 99 2 76 8 31 21 19 36 95 26 21 84 8 22 19 9 65 2 80 51 93 10 43 60 89 77 83 50 87 86 26 100 66 73 32 70 63 61 27 33 73 55 73 49 69 13 92 55 49 20 22 8 12 99 50 68 62 5 40 16 74 90 53 66 9 98 27 25 83 40 63 26 66 8 59 35 33 80 55 43 20 51 4 7 85 4 30 96 85 30 81 35 73
61 0 47 38 27 19 96 1 61 67 49 25 94 74 31 8 30 87 56 31 25 18 14 41 30 9 55 41 25 57 42 16 21 58 15 16 34 90 28 11 83 88 51 15 31 90 10 30 51 11 37 51 32 11 100 55 29 50 45 44 57 76 91 86 64 19 79 86 34 26 36 54 81 44 60 5 55 25 64 84 95 40 73 71 79 95 84 89 91 68 65 11 100 51 71 58 18 42 2 4
90 47 0 11 32 9 52 41 64 16 90 28 97 69 51 64 90 26 10 41 57 17 29 65 89 15 49 100 101 23 64 44 17 37 78 30 25 91 101 14 62 86 59 29 3 6 31 46 79 87 24 82 9 77 101 84 23 24 33 66 41 80 5 36 23 13 97 72 49 91 74 13 26 57 47 3 66 86 50 57 40 72 14 37 46 92 97 83 78 22 86 37 33 59 41 20 62 3 27 9
45 38 11 0 43 95 89 54 39 51 6 40 72 25 54 11 49 54 52 11 49 44 14 79 100 43 100 39 52 12 23 83 14 25 10 65 62 3 65 84 6 4 73 39 63 94 10 56 73 49 64 83 60 93 72 36 80 66 68 67 90 77 34 51 50 16 89 94 92 8 6 58 57 37 33 6 13 54 86 55 37 32 72 46 85 2 48 85 52 38 57 25 78 35 22 63 63 26 60 46
55 27 32 43 0 58 26 36 41 71 19 5 91 68 29 6 12 55 68 30 3 36 92 88 25 49 8 101 97 36 9 3 34 17 21 7 61 44 22 64 67 40 11 60 75 62 50 77 56 14 15 58 4 77 83 10 101 46 21 98 41 52 64 73 55 68 53 28 95 41 12 61 53 76 45 38 86 40 19 51 88 50 17 98 19 29 8 96 83 61 85 48 48 38 86 81 99 80 53 33
44 19 9 95 58 0 45 22 10 68 80 15 79 41 37 49 90 56 30 22 58 8 32 25 40 20 87 90 97 65 101 44 60 3 66 84 50 94 93 81 19 94 21 80 59 86 88 19 84 70 21 43 69 10 30 47 33 11 64 48 31 60 54 94 60 92 33 95 43 23 29 35 20 65 78 29 43 60 56 13 23 88 51 73 90 90 10 52 13 78 67 57 92 58 71 7 28 69 75 13
20 96 52 89 26 45 0 19 45 7 30 60 66 23 11 74 68 51 18 89 59 14 16 62 19 68 80 26 61 81 64 83 84 65 33 13 48 67 62 81 85 78 68 20 77 41 14 90 9 57 86 52 60 11 78 6 64 35 35 32 39 31 78 98 62 10 28 9 13 21 30 25 30 18 80 30 30 6 42 82 9 52 11 23 85 33 12 29 7 77 20 31 65 5 8 42 4 50 50 72
99 1 41 54 36 22 19 0 63 86 87 97 97 16 49 72 77 9 26 90 101 60 20 10 7 86 93 10 5 79 86 59 46 23 27 34 21 5 73 45 4 51 67 9 96 26 85 74 59 53 59 88 19 99 12 21 60 41 9 85 54 59 22 43 15 24 41 77 16 93 67 4 69 12 17 85 1 97 51 57 96 26 95 79 23 3 38 66 85 100 44 61 57 72 23 98 85 72 12 26
2 61 64 39 41 10 45 63 0 46 67 30 43 41 36 66 77 41 1 15 88 42 97 67 93 28 19 29 45 14 13 44 34 22 88 13 19 70 36 8 63 61 53 18 41 73 101 14 72 86 77 23 65 7 60 101 35 21 12 52 93 67 78 48 41 50 54 88 38 66 3 78 74 11 93 94 94 69 73 101 25 32 65 100 72 84 30 32 96 30 96 79 65 100 12 30 40 67 43 71
76 67 16 51 71 68 7 86 46 0 55 92 20 11 43 24 58 42 32 1 68 75 42 6 24 9 91 61 64 51 8 64 92 74 9 94 55 43 66 84 24 1 77 50 36 52 61 77 57 80 54 63 32 33 73 36 37 88 18 8 90 29 52 15 56 2 25 83 28 35 50 58 79 65 23 80 8 63 90 3 70 44 74 71 85 81 59 27 99 3 20 89 64 31 98 10 38 36 36 96
8 49 90 6 19 80 30 87 67 55 0 31 2 72 97 71 90 71 95 22 60 34 55 33 52 81 85 67 55 19 80 89 30 95 100 16 86 88 71 72 12 37 12 35 37 36 84 86 15 12 55 24 19 80 76 37 77 69 25 5 63 78 12 21 55 23 96 49 29 24 6 53 69 39 14 93 79 6 97 43 60 78 35 68 96 59 5 7 64 24 66 59 99 1 26 47 27 91 69 45
31 25 28 40 5 15 60 97 30 92 31 0 56 60 83 3 36 40 96 35 30 24 94 39 48 96 73 44 65 45 97 5 74 95 52 21 74 56 31 101 72 88 8 19 31 96 6 100 30 48 41 40 72 77 6 99 82 69 31 26 42 10 35 70 21 89 91 45 25 91 41 73 43 72 91 16 7 92 98 8 36 71 58 55 66 68 40 44 24 55 2 23 76 21 76 28 24 18 86 84
21 94 97 72 91 79 66 97 43 20 2 56 0 4 5 84 43 89 71 15 93 75 55 54 39 18 38 16 78 79 92 70 95 24 66 79 82 38 81 85 83 41 1 85 90 28 58 66 39 77 36 84 70 78 11 84 81 59 85 89 26 33 33 63 28 18 32 37 47 11 12 18 41 84 93 17 90 44 89 85 39 14 58 87 35 70 26 59 31 79 66 25 98 16 50 8 74 59 54 43
19 74 69 25 68 41 23 16 41 11 72 60 4 0 47 90 71 76 52 92 48 75 54 47 94 14 97 42 40 97 64 66 39 43 31 38 89 39 3 11 88 76 51 90 22 71 36 9 9 45 18 59 80 61 22 64 92 53 61 1 24 90 83 56 18 49 83 83 20 98 81 71 62 17 86 86 81 53 83 54 71 100 85 28 6 45 60 21 74 76 28 76 56 55 1 4 32 88 32 51
36 31 51 54 29 37 11 49 36 43 97 83 5 47 0 43 64 79 91 14 96 49 97 64 42 47 27 63 14 2 12 27 31 95 2 71 14 1 57 27 41 22 4 44 36 51 36 53 82 46 31 49 88 84 38 30 32 91 36 75 81 88 33 51 45 97 61 38 92 92 10 5 71 48 34 6 86 24 88 86 86 37 10 98 97 31 6 93 49 64 79 20 43 34 47 75 21 39 65 13
95 8 64 11 6 49 74 72 66 24 71 3 84 90 43 0 31 13 80 92 62 55 57 1 99 1 100 78 101 55 40 96 49 51 26 74 21 3 67 88 53 2 68 40 18 92 72 35 101 55 88 90 80 100 27 73 47 86 30 69 69 35 94 5 60 1 88 98 87 98 42 91 38 60 33 55 13 18 6 68 58 12 99 7 73 31 64 64 17 5 66 22 55 59 39 54 61 29 70 8
26 30 90 49 12 90 68 77 77 58 90 36 43 71 64 31 0 76 24 8 66 27 21 6 85 62 101 43 92 82 65 3 7 9 84 20 89 22 8 64 42 68 77 48 69 85 44 9 83 22 10 70 88 90 13 87 26 5 52 60 4 17 5 2 76 5 96 62 91 87 5 57 26 66 53 68 73 50 84 82 2 50 97 93 101 21 32 73 18 49 41 101 19 1 40 5 54 29 64 30
21 87 26 54 55 56 51 9 41 42 71 40 89 76 79 13 76 0 5 39 16 19 79 61 80 20 16 96 12 73 98 34 100 32 62 99 99 8 13 56 30 50 58 13 39 75 35 97 23 46 33 8 2 55 8 23 56 58 52 58 85 16 38 41 8 77 79 43 18 60 27 53 27 69 74 50 19 75 55 53 95 78 14 97 18 27 84 84 43 16 54 92 2 96 39 50 89 20 6 13
84 56 10 52 68 30 18 26 1 32 95 96 71 52 91 80 24 5 0 91 38 83 87 92 18 63 51 56 46 100 63 12 32 35 96 66 91 83 46 63 57 72 7 11 92 13 5 73 35 39 51 49 66 95 23 30 2 91 38 89 46 40 6 90 4 56 20 38 62 2 26 96 94 15 54 32 24 92 14 16 30 51 14 53 32 81 32 57 29 21 12 89 10 20 19 70 68 67 29 72
8 31 41 11 30 22 89 90 15 1 22 35 15 92 14 92 8 39 91 0 17 58 4 88 94 99 82 97 8 38 32 25 3 53 73 23 96 10 81 36 33 34 21 57 4 94 97 34 77 54 37 65 19 35 43 14 85 91 86 85 40 74 77 48 2 88 58 60 68 44 59 8 58 23 94 69 91 40 2 57 98 8 1 71 88 70 17 9 37 95 61 42 87 46 25 67 20 14 63 75
22 25 57 49 3 58 59 101 88 68 60 30 93 48 96 62 66 16 38 17 0 100 57 11 19 3 73 56 85 64 40 39 34 3 9 8 17 70 14 20 77 60 45 55 83 13 57 88 34 47 53 52 41 20 78 56 94 4 89 26 78 24 42 55 5 79 15 44 78 56 101 9 99 27 64 88 99 44 10 60 21 24 44 88 99 21 92 41 65 90 70 90 76 53 1 64 75 98 71 74
19 18 17 44 36 8 14 60 42 75 34 24 75 75 49 55 27 19 83 58 100 0 33 67 38 51 39 99 57 65 71 74 16 94 15 77 1 21 18 41 42 3 68 52 21 97 23 83 45 71 22 81 33 22 100 22 59 70 5 6 55 9 99 57 71 84 90 87 79 6 37 59 36 35 76 13 50 65 50 99 27 52 25 54 94 62 71 66 51 90 19 93 13 92 85 39 39 51 5 17
9 14 29 14 92 32 16 20 97 42 55 94 55 54 97 57 21 79 87 4 57 33 0 11 69 32 2 58 32 39 71 1 75 74 34 33 81 11 59 82 34 3 43 36 2 87 48 72 52 58 91 87 78 81 82 13 41 82 69 66 25 1 67 47 49 11 97 85 71 69 45 100 68 8 80 96 1 69 51 64 95 38 45 52 44 73 95 27 37 26 7 32 56 37 14 48 84 84 90 25
65 41 65 79 88 25 62 10 67 6 33 39 54 47 64 1 6 61 92 88 11 67 11 0 89 1 49 2 82 23 60 43 41 25 34 92 1 42 82 13 99 13 62 55 39 15 43 58 91 33 92 22 66 54 66 12 53 63 12 72 93 35 70 78 8 88 86 94 31 47 1 5 22 44 36 94 23 80 24 82 11 20 18 83 35 100 28 18 78 68 6 83 36 65 35 9 14 87 79 70
2 30 89 100 25 40 19 7 93 24 52 48 39 94 42 99 85 80 18 94 19 38 69 89 0 60 83 83 23 27 63 12 90 32 23 53 78 50 87 41 2 100 68 83 62 98 68 98 98 41 11 22 5 6 81 39 38 87 2 55 88 96 73 42 48 77 100 16 67 17 19 16 32 91 65 73 8 10 71 41 34 55 33 58 21 26 98 64 72 56 67 32 24 77 100 22 80 57 41 43
80 9 15 43 49 20 68 86 28 9 81 96 18 14 47 1 62 20 63 99 3 51 32 1 60 0 78 56 60 57 45 50 101 62 38 25 44 76 80 37 28 81 9 51 15 8 98 26 68 78 3 95 17 69 37 98 74 26 87 84 85 3 66 48 54 78 2 90 84 101 46 59 48 37 62 65 90 35 34 52 88 33 70 41 52 101 71 47 26 59 63 89 15 70 61 36 51 70 2 73
51 55 49 100 8 87 80 93 19 91 85 73 38 97 27 100 101 16 51 82 73 39 2 49 83 78 0 40 7 31 75 8 86 88 62 2 18 13 17 97 51 76 1 17 90 64 26 99 42 48 63 87 87 53 64 60 95 77 27 97 51 98 1 78 23 10 29 99 35 36 33 13 69 15 28 32 28 90 88 51 12 96 39 77 74 4 31 42 67 54 79 6 14 64 8 62 94 27 81 82
93 41 100 39 101 90 26 10 29 61 67 44 16 42 63 78 43 96 56 97 56 99 58 2 83 56 40 0 33 37 24 53 91 66 8 42 13 71 99 2 21 52 88 5 34 30 57 85 25 61 68 89 95 71 44 94 95 62 35 20 44 78 4 69 31 24 21 14 96 41 7 8 55 89 26 39 82 13 63 23 81 74 45 66 64 12 26 93 32 88 82 9 9 61 40 25 42 56 6 67
10 25 101 52 97 97 61 5 45 64 55 65 78 40 14 101 92 12 46 8 85 57 32 82 23 60 7 33 0 28 39 72 24 37 79 16 86 68 62 47 24 10 73 84 19 57 79 2 26 53 16 27 84 5 57 99 34 34 53 85 49 20 66 29 71 88 59 100 20 14 90 87 45 22 5 84 100 61 54 11 48 46 42 18 9 16 83 37 95 32 43 81 41 53 75 77 3 17 64 19
43 57 23 12 36 65 81 79 14 51 19 45 79 97 2 55 82 73 100 38 64 65 39 23 27 57 31 37 28 0 89 38 25 27 47 82 30 2 8 29 64 51 77 5 39 82 79 46 55 69 18 83 84 99 39 46 90 43 9 94 42 8 44 10 84 19 57 23 81 44 19 48 83 39 81 96 42 94 8 98 63 55 26 12 66 36 20 82 32 16 35 56 40 56 8 81 37 67 89 28
60 42 64 23 9 101 64 86 13 8 80 97 92 64 12 40 65 98 63 32 40 71 71 60 63 45 75 24 39 89 0 3 1 60 79 29 23 74 18 52 31 91 1 57 51 7 8 10 34 58 79 93 76 11 85 78 95 54 63 44 96 66 89 61 42 82 97 4 86 100 79 56 24 52 66 80 40 71 21 49 32 87 31 26 16 40 55 13 62 83 20 55 1 11 87 55 98 57 95 47
89 16 44 83 3 44 83 59 44 64 89 5 70 66 27 96 3 34 12 25 39 74 1 43 12 50 8 53 72 38 3 0 54 60 59 29 96 16 60 10 18 5 57 35 84 85 35 57 12 69 58 21 78 6 2 11 49 8 61 9 99 18 50 59 67 53 81 11 93 12 53 6 95 44 97 87 48 7 23 6 89 35 81 42 98 67 76 33 97 48 4 83 30 28 55 82 53 90 89 101
77 21 17 14 34 60 84 46 34 92 30 74 95 39 31 49 7 100 32 3 34 16 75 41 90 101 86 91 24 25 1 54 0 33 15 55 55 87 79 55 50 38 76 17 62 6 84 82 20 48 12 81 86 63 60 43 100 20 17 82 54 100 6 21 38 93 101 32 93 63 13 80 62 48 20 37 60 38 88 1 67 31 20 88 66 15 25 88 67 31 98 30 79 60 72 43 73 61 11 77
83 58 37 25 17 3 65 23 22 74 95 95 24 43 95 51 9 32 35 53 3 94 74 25 32 62 88 66 37 27 60 60 33 0 68 48 11 59 57 3 80 9 55 85 8 57 32 26 12 33 15 76 31 7 101 71 7 31 21 9 100 79 98 70 32 95 7 62 77 38 44 63 86 14 82 83 22 12 66 86 30 62 31 62 45 1 25 40 64 47 56 35 27 64 2 17 48 13 57 14
50 15 78 10 21 66 33 27 88 9 100 52 66 31 2 26 84 62 96 73 9 15 34 34 23 38 62 8 79 47 79 59 15 68 0 68 39 78 8 63 101 97 5 91 46 91 33 42 18 28 21 87 48 61 42 34 55 58 38 67 15 98 32 98 44 64 24 76 19 86 79 100 54 13 15 31 89 29 84 52 77 59 7 71 7 38 34 3 70 29 5 29 72 70 70 6 7 79 48 9
87 16 30 65 7 84 13 34 13 94 16 21 79 38 71 74 20 99 66 23 8 77 33 92 53 25 2 42 16 82 29 29 55 48 68 0 48 24 47 61 43 48 8 69 87 63 28 60 66 4 55 11 11 88 82 51 31 47 33 20 53 52 2 1 22 61 10 54 47 23 67 95 92 61 93 73 35 10 44 57 53 79 3 92 100 34 68 37 62 86 8 93 94 25 77 18 91 39 85 58
86 34 25 62 61 50 48 21 19 55 86 74 82 89 14 21 89 99 91 96 17 1 81 1 78 44 18 13 86 30 23 96 55 11 39 48 0 91 37 22 42 25 1 4 42 65 6 10 58 86 67 26 33 41 38 72 34 86 12 79 16 67 14 98 84 82 95 3 94 30 61 62 94 13 81 90 5 89 73 40 44 93 74 53 9 60 8 100 67 2 86 72 49 22 59 79 83 77 46 89
26 90 91 3 44 94 67 5 70 43 88 56 38 39 1 3 22 8 83 10 70 21 11 42 50 76 13 71 68 2 74 16 87 59 78 24 91 0 84 49 34 7 29 75 88 81 45 56 12 42 29 79 65 16 78 42 86 74 42 75 23 100 89 28 75 66 5 43 81 87 76 38 47 61 52 19 4 70 76 86 30 57 78 7 32 15 83 43 80 38 26 87 81 79 38 53 5 83 25 48
100 28 101 65 22 93 62 73 36 66 71 31 81 3 57 67 8 13 46 81 14 18 59 82 87 80 17 99 62 8 18 60 79 57 8 47 37 84 0 31 70 2 94 42 86 26 68 66 84 26 29 2 52 3 69 95 6 2 93 18 90 96 10 45 82 19 60 54 17 5 72 93 44 56 61 25 100 75 6 92 19 75 57 59 71 64 78 5 26 75 49 89 26 39 85 76 96 15 71 5
66 11 14 84 64 81 81 45 8 84 72 101 85 11 27 88 64 56 63 36 20 41 82 13 41 37 97 2 47 29 52 10 55 3 63 61 22 49 31 0 29 63 24 74 95 72 17 58 76 63 58 84 81 35 48 48 44 32 31 87 22 1 63 58 6 76 77 52 24 42 100 39 20 41 3 56 53 6 10 53 75 88 20 34 9 50 52 77 21 71 23 28 97 72 63 22 78 51 82 97
73 83 62 6 67 19 85 4 63 24 12 72 83 88 41 53 42 30 57 33 77 42 34 99 2 28 51 21 24 64 31 18 50 80 101 43 42 34 70 29 0 55 70 4 79 10 75 62 9 17 46 31 94 92 79 30 4 66 10 40 34 77 57 31 23 58 99 84 37 60 9 74 80 41 11 39 76 54 25 82 29 44 69 8 45 83 74 67 72 20 2 80 95 13 27 20 27 26 44 1
32 88 86 4 40 94 78 51 61 1 37 88 41 76 22 2 68 50 72 34 60 3 3 13 100 81 76 52 10 51 91 5 38 9 97 48 25 7 2 63 55 0 73 87 1 58 72 24 27 74 13 23 76 88 87 75 97 101 19 23 61 64 31 76 62 75 98 53 100 80 18 51 27 61 89 24 36 85 61 95 56 34 85 90 84 8 96 51 62 33 1 53 2 37 23 53 21 24 69 86
70 51 59 73 11 21 68 67 53 77 12 8 1 51 4 68 77 58 7 21 45 68 43 62 68 9 1 88 73 77 1 57 76 55 5 8 1 29 94 24 70 73 0 31 81 68 73 33 24 93 32 9 52 33 57 22 23 69 55 87 74 39 23 33 48 30 35 82 88 62 97 100 86 38 9 42 25 44 58 53 44 79 83 30 64 46 19 36 90 80 72 86 43 23 100 54 21 74 95 23
63 15 29 39 60 80 20 9 18 50 35 19 85 90 44 40 48 13 11 57 55 52 36 55 83 51 17 5 84 5 57 35 17 85 91 69 4 75 42 74 4 87 31 0 85 7 91 29 101 11 4 40 48 61 76 3 94 14 101 62 5 50 12 14 2 90 41 2 62 10 76 52 38 62 93 14 9 31 87 68 66 66 97 52 54 13 71 37 14 59 37 78 4 30 42 24 28 15 89 97
61 31 3 63 75 59 77 96 41 36 37 31 90 22 36 18 69 39 92 4 83 21 2 39 62 15 90 34 19 39 51 84 62 8 46 87 42 88 86 95 79 1 81 85 0 95 33 3 5 1 78 10 73 85 78 18 72 42 40 71 55 19 94 25 42 53 69 31 20 94 8 93 83 63 24 76 82 68 7 80 46 99 46 66 7 95 67 99 23 19 100 2 73 84 60 9 69 89 20 67
27 90 6 94 62 86 41 26 73 52 36 96 28 71 51 92 85 75 13 94 13 97 87 15 98 8 64 30 57 82 7 85 6 57 91 63 65 81 26 72 10 58 68 7 95 0 99 64 33 18 73 15 90 59 39 56 57 29 23 97 92 95 41 3 71 37 6 9 12 10 48 94 59 43 55 47 64 75 88 90 53 80 9 53 66 55 7 70 1 40 65 80 37 20 45 101 6 87 7 64
33 10 31 10 50 88 14 85 101 61 84 6 58 36 36 72 44 35 5 97 57 23 48 43 68 98 26 57 79 79 8 35 84 32 33 28 6 45 68 17 75 72 73 91 33 99 0 23 29 86 52 87 76 53 22 87 58 17 18 96 32 70 87 88 30 37 23 20 25 70 9 22 39 6 101 80 26 7 38 7 62 63 85 16 80 17 58 26 84 93 10 57 73 91 39 53 40 57 37 65
73 30 46 56 77 19 90 74 14 77 86 100 66 9 53 35 9 97 73 34 88 83 72 58 98 26 99 85 2 46 10 57 82 26 42 60 10 56 66 58 62 24 33 29 3 64 23 0 46 44 30 9 42 10 16 29 29 87 35 45 43 44 62 92 50 91 101 12 36 22 45 95 24 60 92 95 22 65 21 92 21 85 94 4 74 46 6 20 67 67 32 90 28 56 69 97 99 12 41 20
55 51 79 73 56 84 9 59 72 57 15 30 39 9 82 101 83 23 35 77 34 45 52 91 98 68 42 25 26 55 34 12 20 12 18 66 58 12 84 76 9 27 24 101 5 33 29 46 0 74 16 82 55 50 18 69 18 66 5 18 59 12 11 68 83 69 48 84 21 56 2 22 7 66 61 19 18 71 41 87 93 1 58 73 17 95 48 10 92 15 35 59 16 93 5 92 45 76 32 29
73 11 87 49 14 70 57 53 86 80 12 48 77 45 46 55 22 46 39 54 47 71 58 33 41 78 48 61 53 69 58 69 48 33 28 4 86 42 26 63 17 74 93 11 1 18 86 44 74 0 31 93 78 13 6 44 42 92 63 61 10 14 38 82 99 31 41 95 101 5 60 22 35 18 29 11 22 8 20 70 101 85 2 14 47 74 69 98 3 69 45 101 71 4 89 37 22 99 67 7
49 37 24 64 15 21 86 59 77 54 55 41 36 18 31 88 10 33 51 37 53 22 91 92 11 3 63 68 16 18 79 58 12 15 21 55 67 29 29 58 46 13 32 4 78 73 52 30 16 31 0 61 71 6 10 73 61 30 8 41 66 27 77 27 50 82 68 52 42 51 52 91 11 88 42 24 25 13 74 45 40 17 59 68 3 43 99 43 18 23 94 64 24 77 88 99 9 18 60 32
69 51 82 83 58 43 52 88 23 63 24 40 84 59 49 90 70 8 49 65 52 81 87 22 22 95 87 89 27 83 93 21 81 76 87 11 26 79 2 84 31 23 9 40 10 15 87 9 82 93 61 0 15 98 25 7 94 78 80 49 87 24 73 18 28 84 81 100 44 96 54 89 76 52 54 20 40 44 91 51 56 36 47 23 42 47 38 42 91 101 46 52 5 58 79 85 6 23 79 6
13 32 9 60 4 69 60 19 65 32 19 72 70 80 88 80 88 2 66 19 41 33 78 66 5 17 87 95 84 84 76 78 86 31 48 11 33 65 52 81 94 76 52 48 73 90 76 42 55 78 71 15 0 61 13 48 58 13 6 94 45 82 97 8 81 62 17 83 90 82 52 23 11 62 97 95 81 89 35 100 13 52 28 36 38 42 55 21 52 2 39 78 42 52 33 39 1 100 9 72
92 11 77 93 77 10 11 99 7 33 80 77 78 61 84 100 90 55 95 35 20 22 81 54 6 69 53 71 5 99 11 6 63 7 61 88 41 16 3 35 92 88 33 61 85 59 53 10 50 13 6 98 61 0 91 77 48 46 100 1 65 50 95 4 13 88 73 59 15 72 12 50 29 18 90 36 54 84 6 55 2 21 31 19 99 51 99 96 84 70 98 14 49 29 59 51 9 63 100 59
55 100 101 72 83 30 78 12 60 73 76 6 11 22 38 27 13 8 23 43 78 100 82 66 81 37 64 44 57 39 85 2 60 101 42 82 38 78 69 48 79 87 57 76 78 39 22 16 18 6 10 25 13 91 0 51 41 59 74 1 95 35 101 80 80 29 43 79 96 56 95 15 71 31 88 24 69 95 97 37 96 84 15 51 30 84 77 92 73 48 21 53 12 42 61 13 99 33 42 56
49 55 84 36 10 47 6 21 101 36 37 99 84 64 30 73 87 23 30 14 56 22 13 12 39 98 60 94 99 46 78 11 43 71 34 51 72 42 95 48 30 75 22 3 18 56 87 29 69 44 73 7 48 77 51 0 66 88 64 53 89 23 40 57 7 2 45 10 101 61 96 70 42 46 92 26 60 65 99 52 92 71 72 82 97 88 89 95 84 91 83 86 77 43 8 28 9 66 13 23
20 29 23 80 101 33 64 60 35 37 77 82 81 92 32 47 26 56 2 85 94 59 41 53 38 74 95 95 34 90 95 49 100 7 55 31 34 86 6 44 4 97 23 94 72 57 58 29 18 42 61 94 58 48 41 66 0 63 28 33 44 36 88 6 69 1 37 17 68 4 59 11 37 15 11 39 54 14 19 76 71 30 80 10 30 14 8 44 17 11 76 9 25 34 51 67 73 78 67 6
22 50 24 66 46 11 35 41 21 88 69 69 59 53 91 86 5 58 91 91 4 70 82 63 87 26 77 62 34 43 54 8 20 31 58 47 86 74 2 32 66 101 69 14 42 29 17 87 66 92 30 78 13 46 59 88 63 0 79 63 34 79 59 36 84 27 16 29 84 61 8 78 58 48 89 69 43 94 26 100 92 68 50 16 34 25 70 8 21 55 1 70 66 24 68 24 8 94 26 13
8 45 33 68 21 64 35 9 12 18 25 31 85 61 36 30 52 52 38 86 89 5 69 12 2 87 27 35 53 9 63 61 17 21 38 33 12 42 93 31 10 19 55 101 40 23 18 35 5 63 8 80 6 100 74 64 28 79 0 98 7 61 60 53 35 63 64 38 65 41 92 2 33 75 93 94 98 43 53 42 75 77 40 46 61 95 63 6 28 28 49 4 101 42 29 68 15 49 42 57
12 44 66 67 98 48 32 85 52 8 5 26 89 1 75 69 60 58 89 85 26 6 66 72 55 84 97 20 85 94 44 9 82 9 67 20 79 75 18 87 40 23 87 62 71 97 96 45 18 61 41 49 94 1 1 53 33 63 98 0 13 59 58 35 30 39 58 27 95 73 75 35 86 53 67 97 48 50 23 77 24 29 57 99 2 88 19 10 35 36 9 87 13 44 63 98 20 2 87 11
99 57 41 90 41 31 39 54 93 90 63 42 26 24 81 69 4 85 46 40 78 55 25 93 88 85 51 44 49 42 96 99 54 100 15 53 16 23 90 22 34 61 74 5 55 92 32 43 59 10 66 87 45 65 95 89 44 34 7 13 0 34 62 18 22 61 57 8 43 28 38 5 43 96 3 71 77 99 85 89 47 74 94 50 12 55 94 84 97 68 32 2 59 24 56 27 6 31 86 46
50 76 80 77 52 60 31 59 67 29 78 10 33 90 88 35 17 16 40 74 24 9 1 35 96 3 98 78 20 8 66 18 100 79 98 52 67 100 96 1 77 64 39 50 19 95 70 44 12 14 27 24 82 50 35 23 36 79 61 59 34 0 6 72 87 57 20 85 91 71 29 19 23 47 49 59 69 90 1 78 11 2 9 87 44 47 5 59 47 100 50 5 19 97 91 83 5 7 47 9
68 91 5 34 64 54 78 22 78 52 12 35 33 83 33 94 5 38 6 77 42 99 67 70 73 66 1 4 66 44 89 50 6 98 32 2 14 89 10 63 57 31 23 12 94 41 87 62 11 38 77 73 97 95 101 40 88 59 60 58 62 6 0 17 76 19 3 22 61 12 22 63 83 74 52 66 63 32 31 45 40 59 27 47 2 15 97 5 62 28 43 37 40 35 62 42 72 16 43 86
62 86 36 51 73 94 98 43 48 15 21 70 63 56 51 5 2 41 90 48 55 57 47 78 42 48 78 69 29 10 61 59 21 70 98 1 98 28 45 58 31 76 33 14 25 3 88 92 68 82 27 18 8 4 80 57 6 36 53 35 18 72 17 0 3 13 36 54 35 3 80 40 23 2 31 63 22 97 81 94 13 29 44 42 4 19 48 86 80 32 55 24 77 37 4 73 34 43 29 93
5 64 23 50 55 60 62 15 41 56 55 21 28 18 45 60 76 8 4 2 5 71 49 8 48 54 23 31 71 84 42 67 38 32 44 22 84 75 82 6 23 62 48 2 42 71 30 50 83 99 50 28 81 13 80 7 69 84 35 30 22 87 76 3 0 53 26 33 61 74 74 43 50 4 55 75 51 10 5 85 90 53 46 82 28 16 60 53 45 30 91 58 1 6 61 57 63 84 38 32
40 19 13 16 68 92 10 24 50 2 23 89 18 49 97 1 5 77 56 88 79 84 11 88 77 78 10 24 88 19 82 53 93 95 64 61 82 66 19 76 58 75 30 90 53 37 37 91 69 31 82 84 62 88 29 2 1 27 63 39 61 57 19 13 53 0 40 63 44 101 93 49 66 63 61 14 100 65 80 8 8 4 50 66 37 61 45 61 45 76 77 14 32 74 11 8 83 50 76 66
16 79 97 89 53 33 28 41 54 25 96 91 32 83 61 88 96 79 20 58 15 90 97 86 100 2 29 21 59 57 97 81 101 7 24 10 95 5 60 77 99 98 35 41 69 6 23 101 48 41 68 81 17 73 43 45 37 16 64 58 57 20 3 36 26 40 0 70 101 93 25 62 63 79 3 12 20 66 56 93 46 3 35 24 94 60 76 55 93 57 70 101 97 31 9 97 75 27 15 82
74 86 72 94 28 95 9 77 88 83 49 45 37 83 38 98 62 43 38 60 44 87 85 94 16 90 99 14 100 23 4 11 32 62 76 54 3 43 54 52 84 53 82 2 31 9 20 12 84 95 52 100 83 59 79 10 17 29 38 27 8 85 22 54 33 63 70 0 97 73 24 66 28 51 10 85 66 82 27 22 14 5 60 69 77 62 82 51 16 38 29 98 64 63 14 15 37 12 48 101
90 34 49 92 95 43 13 16 38 28 29 25 47 20 92 87 91 18 62 68 78 79 71 31 67 84 35 96 20 81 86 93 93 77 19 47 94 81 17 24 37 100 88 62 20 12 25 36 21 101 42 44 90 15 96 101 68 84 65 95 43 91 61 35 61 44 101 97 0 3 64 30 35 17 58 44 86 60 99 21 76 21 1 87 24 21 85 64 47 9 73 51 21 78 43 67 83 48 36 49
53 26 91 8 41 23 21 93 66 35 24 91 11 98 92 98 87 60 2 44 56 6 69 47 17 101 36 41 14 44 100 12 63 38 86 23 30 87 5 42 60 80 62 10 94 10 70 22 56 5 51 96 82 72 56 61 4 61 41 73 28 71 12 3 74 101 93 73 3 0 8 53 66 52 99 6 50 62 84 97 33 4 66 4 72 97 46 36 7 47 76 23 19 60 33 1 100 24 66 85
66 36 74 6 12 29 30 67 3 50 6 41 12 81 10 42 5 27 26 59 101 37 45 1 19 46 33 7 90 19 79 53 13 44 79 67 61 76 72 100 9 18 97 76 8 48 9 45 2 60 52 54 52 12 95 96 59 8 92 75 38 29 22 80 74 93 25 24 64 8 0 94 36 42 61 1 35 90 56 82 100 35 68 19 65 19 91 74 87 42 46 31 7 63 3 83 87 83 53 39
9 54 13 58 61 35 25 4 78 58 53 73 18 71 5 91 57 53 96 8 9 59 100 5 16 59 13 8 87 48 56 6 80 63 100 95 62 38 93 39 74 51 100 52 93 94 22 95 22 22 91 89 23 50 15 70 11 78 2 35 5 19 63 40 43 49 62 66 30 53 94 0 19 18 70 2 49 9 98 77 82 28 41 86 60 83 91 14 54 72 87 63 12 62 100 23 49 23 76 39
98 81 26 57 53 20 30 69 74 79 69 43 41 62 71 38 26 27 94 58 99 36 68 22 32 48 69 55 45 83 24 95 62 86 54 92 94 47 44 20 80 27 86 38 83 59 39 24 7 35 11 76 11 29 71 42 37 58 33 86 43 23 83 23 50 66 63 28 35 66 36 19 0 27 55 53 96 41 28 85 79 61 49 18 43 37 62 61 48 29 28 45 100 71 94 80 100 55 55 101
27 44 57 37 76 65 18 12 11 65 39 72 84 17 48 60 66 69 15 23 27 35 8 44 91 37 15 89 22 39 52 44 48 14 13 61 13 61 56 41 41 61 38 62 63 43 6 60 66 18 88 52 62 18 31 46 15 48 75 53 96 47 74 2 4 63 79 51 17 52 42 18 27 0 16 63 30 29 65 29 29 11 23 36 19 98 77 35 74 89 9 40 56 10 39 16 79 82 32 35
25 60 47 33 45 78 80 17 93 23 14 91 93 86 34 33 53 74 54 94 64 76 80 36 65 62 28 26 5 81 66 97 20 82 15 93 81 52 61 3 11 89 9 93 24 55 101 92 61 29 42 54 97 90 88 92 11 89 93 67 3 49 52 31 55 61 3 10 58 99 61 70 55 16 0 5 7 54 7 58 83 95 97 71 22 89 71 32 45 71 71 79 65 73 12 98 35 11 97 13
83 5 3 6 38 29 30 85 94 80 93 16 17 86 6 55 68 50 32 69 88 13 96 94 73 65 32 39 84 96 80 87 37 83 31 73 90 19 25 56 39 24 42 14 76 47 80 95 19 11 24 20 95 36 24 26 39 69 94 97 71 59 66 63 75 14 12 85 44 6 1 2 53 63 5 0 50 74 95 99 30 32 65 61 22 22 41 55 37 28 51 41 80 55 42 45 29 6 48 6
40 55 66 13 86 43 30 1 94 8 79 7 90 81 86 13 73 19 24 91 99 50 1 23 8 90 28 82 100 42 40 48 60 22 89 35 5 4 100 53 76 36 25 9 82 64 26 22 18 22 25 40 81 54 69 60 54 43 98 48 77 69 63 22 51 100 20 66 86 50 35 49 96 30 7 50 0 92 25 70 86 58 50 36 88 63 39 65 55 60 37 43 54 92 32 77 74 18 31 39
63 25 86 54 40 60 6 97 69 63 6 92 44 53 24 18 50 75 92 40 44 65 69 80 10 35 90 13 61 94 71 7 38 12 29 10 89 70 75 6 54 85 44 31 68 75 7 65 71 8 13 44 89 84 95 65 14 94 43 50 99 90 32 97 10 65 66 82 60 62 90 9 41 29 54 74 92 0 67 77 33 93 87 45 89 45 2 92 35 21 77 23 9 42 66 47 59 2 2 28
26 64 50 86 19 56 42 51 73 90 97 98 89 83 88 6 84 55 14 2 10 50 51 24 71 34 88 63 54 8 21 23 88 66 84 44 73 76 6 10 25 61 58 87 7 88 38 21 41 20 74 91 35 6 97 99 19 26 53 23 85 1 31 81 5 80 56 27 99 84 56 98 28 65 7 95 25 67 0 46 96 84 35 80 79 31 17 3 14 34 96 98 64 18 75 6 30 30 26 86
66 84 57 55 51 13 82 57 101 3 43 8 85 54 86 68 82 53 16 57 60 99 64 82 41 52 51 23 11 98 49 6 1 86 52 57 40 86 92 53 82 95 53 68 80 90 7 92 87 70 45 51 100 55 37 52 76 100 42 77 89 78 45 94 85 8 93 22 21 97 82 77 85 29 58 99 70 77 46 0 81 8 93 74 94 100 40 28 21 74 93 82 50 100 59 43 62 43 58 80
8 95 40 37 88 23 9 96 25 70 60 36 39 71 86 58 2 95 30 98 21 27 95 11 34 88 12 81 48 63 32 89 67 30 77 53 44 30 19 75 29 56 44 66 46 53 62 21 93 101 40 56 13 2 96 92 71 92 75 24 47 11 40 13 90 8 46 14 76 33 100 82 79 29 83 30 86 33 96 81 0 60 98 5 80 81 53 70 96 75 72 77 26 42 23 23 94 78 24 49
59 40 72 32 50 88 52 26 32 44 78 71 14 100 37 12 50 78 51 8 24 52 38 20 55 33 96 74 46 55 87 35 31 62 59 79 93 57 75 88 44 34 79 66 99 80 63 85 1 85 17 36 52 21 84 71 30 68 77 29 74 2 59 29 53 4 3 5 21 4 35 28 61 11 95 32 58 93 84 8 60 0 86 87 20 46 88 58 68 70 79 6 91 98 51 7 51 52 29 33
35 73 14 72 17 51 11 95 65 74 35 58 58 85 10 99 97 14 14 1 44 25 45 18 33 70 39 45 42 26 31 81 20 31 7 3 74 78 57 20 69 85 83 97 46 9 85 94 58 2 59 47 28 31 15 72 80 50 40 57 94 9 27 44 46 50 35 60 1 66 68 41 49 23 97 65 50 87 35 93 98 86 0 14 97 59 44 54 51 23 91 5 11 18 79 33 64 87 28 48
33 71 37 46 98 73 23 79 100 71 68 55 87 28 98 7 93 97 53 71 88 54 52 83 58 41 77 66 18 12 26 42 88 62 71 92 53 7 59 34 8 90 30 52 66 53 16 4 73 14 68 23 36 19 51 82 10 16 46 99 50 87 47 42 82 66 24 69 87 4 19 86 18 36 71 61 36 45 80 74 5 87 14 0 54 8 67 14 36 7 57 64 31 8 62 65 19 60 58 98
80 79 46 85 19 90 85 23 72 85 96 66 35 6 97 73 101 18 32 88 99 94 44 35 21 52 74 64 9 66 16 98 66 45 7 100 9 32 71 9 45 84 64 54 7 66 80 74 17 47 3 42 38 99 30 97 30 34 61 2 12 44 2 4 28 37 94 77 24 72 65 60 43 19 22 22 88 89 79 94 80 20 97 54 0 40 100 3 82 42 72 12 21 86 62 3 57 98 90 72
55 95 92 2 29 90 33 3 84 81 59 68 70 45 31 31 21 27 81 70 21 62 73 100 26 101 4 12 16 36 40 67 15 1 38 34 60 15 64 50 83 8 46 13 95 55 17 46 95 74 43 47 42 51 84 88 14 25 95 88 55 47 15 19 16 61 60 62 21 97 19 83 37 98 89 22 63 45 31 100 81 46 59 8 40 0 15 16 86 22 97 39 18 80 10 93 96 59 90 89
43 84 97 48 8 10 12 38 30 59 5 40 26 60 6 64 32 84 32 17 92 71 95 28 98 71 31 26 83 20 55 76 25 25 34 68 8 83 78 52 74 96 19 71 67 7 58 6 48 69 99 38 55 99 77 89 8 70 63 19 94 5 97 48 60 45 76 82 85 46 91 91 62 77 71 41 39 2 17 40 53 88 44 67 100 15 0 1 28 29 3 98 47 58 79 2 25 93 17 60
20 89 83 85 96 52 29 66 32 27 7 44 59 21 93 64 73 84 57 9 41 66 27 18 64 47 42 93 37 82 13 33 88 40 3 37 100 43 5 77 67 51 36 37 99 70 26 20 10 98 43 42 21 96 92 95 44 8 6 10 84 59 5 86 53 61 55 51 64 36 74 14 61 35 32 55 65 92 3 28 70 58 54 14 3 16 1 0 79 52 13 32 78 47 99 21 88 69 81 42
51 91 78 52 83 13 7 85 96 99 64 24 31 74 49 17 18 43 29 37 65 51 37 78 72 26 67 32 95 32 62 97 67 64 70 62 67 80 26 21 72 62 90 14 23 1 84 67 92 3 18 91 52 84 73 84 17 21 28 35 97 47 62 80 45 45 93 16 47 7 87 54 48 74 45 37 55 35 14 21 96 68 51 36 82 86 28 79 0 77 51 35 3 9 20 80 100 98 51 20
4 68 22 38 61 78 77 100 30 3 24 55 79 76 64 5 49 16 21 95 90 90 26 68 56 59 54 88 32 16 83 48 31 47 29 86 2 38 75 71 20 33 80 59 19 40 93 67 15 69 23 101 2 70 48 91 11 55 28 36 68 100 28 32 30 76 57 38 9 47 42 72 29 89 71 28 60 21 34 74 75 70 23 7 42 22 29 52 77 0 58 83 75 5 75 89 76 16 15 22
7 65 86 57 85 67 20 44 96 20 66 2 66 28 79 66 41 54 12 61 70 19 7 6 67 63 79 82 43 35 20 4 98 56 5 8 86 26 49 23 2 1 72 37 100 65 10 32 35 45 94 46 39 98 21 83 76 1 49 9 32 50 43 55 91 77 70 29 73 76 46 87 28 9 71 51 37 77 96 93 72 79 91 57 72 97 3 13 51 58 0 36 91 32 20 1 74 27 65 97
85 11 37 25 48 57 31 61 79 89 59 23 25 76 20 22 101 92 89 42 90 93 32 83 32 89 6 9 81 56 55 83 30 35 29 93 72 87 89 28 80 53 86 78 2 80 57 90 59 101 64 52 78 14 53 86 9 70 4 87 2 5 37 24 58 14 101 98 51 23 31 63 45 40 79 41 43 23 98 82 77 6 5 64 12 39 98 32 35 83 36 0 52 34 41 18 48 58 38 34
4 100 33 78 48 92 65 57 65 64 99 76 98 56 43 55 19 2 10 87 76 13 56 36 24 15 14 9 41 40 1 30 79 27 72 94 49 81 26 97 95 2 43 4 73 37 73 28 16 71 24 5 42 49 12 77 25 66 101 13 59 19 40 77 1 32 97 64 21 19 7 12 100 56 65 80 54 9 64 50 26 91 11 31 21 18 47 78 3 75 91 52 0 48 2 91 15 6 7 10
30 51 59 35 38 58 5 72 100 31 1 21 16 55 34 59 1 96 20 46 53 92 37 65 77 70 64 61 53 56 11 28 60 64 70 25 22 79 39 72 13 37 23 30 84 20 91 56 93 4 77 58 52 29 42 43 34 24 42 44 24 97 35 37 6 74 31 63 78 60 63 62 71 10 73 55 92 42 18 100 42 98 18 8 86 80 58 47 9 5 32 34 48 0 62 52 83 43 33 56
96 71 41 22 86 71 8 23 12 98 26 76 50 1 47 39 40 39 19 25 1 85 14 35 100 61 8 40 75 8 87 55 72 2 70 77 59 38 85 63 27 23 100 42 60 45 39 69 5 89 88 79 33 59 61 8 51 68 29 63 56 91 62 4 61 11 9 14 43 33 3 100 94 39 12 42 32 66 75 59 23 51 79 62 62 10 79 99 20 75 20 41 2 62 0 55 67 17 49 85
85 58 20 63 81 7 42 98 30 10 47 28 8 4 75 54 5 50 70 67 64 39 48 9 22 36 62 25 77 81 55 82 43 17 6 18 79 53 76 22 20 53 54 24 9 101 53 97 92 37 99 85 39 51 13 28 67 24 68 98 27 83 42 73 57 8 97 15 67 1 83 23 80 16 98 45 77 47 6 43 23 7 33 65 3 93 2 21 80 89 1 18 91 52 55 0 63 95 37 54
30 18 62 63 99 28 4 85 40 38 27 24 74 32 21 61 54 89 68 20 75 39 84 14 80 51 94 42 3 37 98 53 73 48 7 91 83 5 96 78 27 21 21 28 69 6 40 99 45 22 9 6 1 9 99 9 73 8 15 20 6 5 72 34 63 83 75 37 83 100 87 49 100 79 35 29 74 59 30 62 94 51 64 19 57 96 25 88 100 76 74 48 15 83 67 63 0 8 7 52
81 42 3 26 80 69 50 72 67 36 91 18 59 88 39 29 29 20 67 14 98 51 84 87 57 70 27 56 17 67 57 90 61 13 79 39 77 83 15 51 26 24 74 15 89 87 57 12 76 99 18 23 100 63 33 66 78 94 49 2 31 7 16 43 84 50 27 12 48 24 83 23 55 82 11 6 18 2 30 43 78 52 87 60 98 59 93 69 98 16 27 58 6 43 17 95 8 0 1 6
35 2 27 60 53 75 50 12 43 36 69 86 54 32 65 70 64 6 29 63 71 5 90 79 41 2 81 6 64 89 95 89 11 57 48 85 46 25 71 82 44 69 95 89 20 7 37 41 32 67 60 79 9 100 42 13 67 26 42 87 86 47 43 29 38 76 15 48 36 66 53 76 55 32 97 48 31 2 26 58 24 29 28 58 90 90 17 81 51 15 65 38 7 33 49 37 7 1 0 48
73 4 9 46 33 13 72 26 71 96 45 84 43 51 13 8 30 13 72 75 74 17 25 70 43 73 82 67 19 28 47 101 77 14 9 58 89 48 5 97 1 86 23 97 67 64 65 20 29 7 32 6 72 59 56 23 6 13 57 11 46 9 86 93 32 66 82 101 49 85 39 39 101 35 13 6 39 28 86 80 49 33 48 98 72 89 60 42 20 22 97 34 10 56 85 54 52 6 48 0
