0 64 3 29 87 100 3 71 28 40 77 30 47 48 22 74 13 10 60 6 40 40 21 27 55 33 81 78 7 57 90 35 13 75 80 61 46 67 26 53 82 75 57 68 80 26 3 87 76 56 45 11 29 45 98 31 71 42 11 59 7 16 65 85 6 41 4 86 41 12 35 18 38 33 28 45 32 60 63 85 55 32 53 50 26 65 30 94 58 58 17 13 43 31 48 49 82 20 85 22
64 0 26 74 66 90 11 25 52 80 68 91 14 71 71 91 78 49 88 11 73 80 3 63 63 93 25 32 95 56 101 100 50 27 53 31 85 2 73 28 70 5 47 69 65 4 99 45 89 46 2 48 11 50 26 96 74 76 61 32 33 30 86 29 52 23 43 55 61 17 30 98 64 36 32 99 87 13 93 95 79 101 17 91 62 33 78 23 10 62 36 100 32 69 1 80 76 75 36 47
3 26 0 95 13 97 37 61 18 95 39 59 65 94 6 66 13 8 42 32 33 64 22 45 25 12 100 17 13 83 78 67 72 19 88 72 42 97 24 96 25 70 26 57 94 4 89 53 72 2 99 9 36 59 8 87 15 53 13 72 84 93 3 12 37 69 11 84 94 80 94 20 32 1 8 49 59 43 14 47 18 9 71 82 81 20 36 63 21 12 64 28 18 35 7 17 5 27 47 68
29 74 95 0 81 63 66 31 42 23 33 72 1 10 88 4 69 98 83 28 36 72 4 41 50 66 17 67 7 49 92 6 101 79 96 34 32 79 41 90 66 49 25 43 63 82 42 84 15 56 62 16 1 19 17 88 97 75 6 14 70 48 76 87 39 100 58 10 7 14 2 83 98 76 95 58 17 101 42 56 87 84 52 46 66 1 34 26 27 18 97 10 86 17 96 4 5 22 37 14
87 66 13 81 0 49 42 56 19 40 13 5 12 96 9 36 76 67 89 57 95 49 63 88 15 101 51 60 14 28 21 58 91 22 56 87 26 65 50 72 30 59 28 12 15 21 72 51 2 56 19 10 79 93 74 36 86 2 32 99 50 81 73 38 80 3 68 51 60 98 33 32 25 4 91 63 29 4 19 60 15 64 85 42 84 32 70 75 81 99 42 59 77 67 13 23 88 79 94 17
100 90 97 63 49 0 27 54 85 90 70 36 22 90 53 78 67 57 88 52 99 29 28 29 44 89 21 91 73 14 61 76 57 91 90 8 42 80 59 4 52 100 77 77 47 30 90 92 75 6 59 20 41 20 87 81 51 70 46 56 9 9 24 4 78 19 2 5 65 94 23 1 89 62 65 2 93 75 53 23 4 34 77 37 101 32 89 79 18 87 13 41 28 77 30 97 34 71 1 40
3 11 37 66 42 27 0 51 75 75 20 12 29 57 46 90 50 14 8 31 75 22 69 21 16 25 11 66 71 64 89 35 37 42 61 47 3 46 30 47 70 99 82 4 85 32 16 7 7 60 57 78 64 83 45 45 82 98 28 55 44 39 61 39 23 5 13 92 9 14 5 14 32 53 43 38 55 90 7 82 67 82 49 67 38 32 70 43 31 84 70 23 58 46 3 16 58 48 61 89
71 25 61 31 56 54 51 0 60 7 11 9 76 34 70 37 95 19 92 46 36 34 53 78 28 2 69 36 53 57 22 72 5 83 46 66 14 9 44 90 77 44 62 89 85 13 51 53 98 60 97 95 34 40 57 38 86 44 29 90 17 46 96 78 31 47 87 96 56 1 17 20 43 6 23 57 8 61 59 98 88 12 63 99 81 81 88 87 57 93 21 73 63 94 95 73 94 98 80 56
28 52 18 42 19 85 75 60 0 62 16 100 36 86 75 77 88 25 16 80 90 44 20 45 4 98 53 69 49 93 69 40 99 33 70 2 81 93 13 93 95 60 65 44 62 95 54 69 52 91 88 42 100 49 24 64 80 29 13 50 52 50 32 24 16 81 33 30 26 14 31 44 39 9 6 79 40 11 63 55 45 62 53 37 24 20 58 75 52 52 44 47 36 28 90 51 70 40 34 29
40 80 95 23 40 90 75 7 62 0 27 50 21 66 54 2 35 21 44 12 74 36 85 34 48 4 83 33 70 72 25 52 5 93 97 48 63 5 28 69 89 77 54 73 21 64 74 59 75 59 43 89 68 14 92 19 5 12 66 76 42 49 88 73 97 46 73 84 43 10 18 65 35 48 95 64 52 27 3 53 28 26 82 45 20 1 28 10 28 99 83 42 61 91 14 15 22 40 22 75
77 68 39 33 13 70 20 11 16 27 0 68 79 46 8 36 75 28 99 4 77 97 2 17 97 3 25 3 21 37 15 83 93 22 89 62 81 82 89 7 14 95 38 61 68 24 43 100 66 92 79 43 9 37 86 37 30 3 78 92 45 92 62 42 50 88 74 14 96 88 7 2 90 23 90 73 37 59 51 55 75 19 29 10 12 70 25 88 89 71 10 45 60 93 4 76 59 43 88 13
30 91 59 72 5 36 12 9 100 50 68 0 99 85 60 60 53 23 76 60 82 44 95 55 101 30 67 64 18 91 96 12 79 26 42 17 18 66 72 69 78 10 79 74 60 82 38 66 55 36 53 40 41 81 42 22 8 25 79 92 49 81 10 96 81 99 1 21 69 90 98 61 80 48 89 26 58 9 95 88 61 76 3 24 87 62 77 45 82 50 37 77 35 25 8 82 94 88 39 37
47 14 65 1 12 22 29 76 36 21 79 99 0 58 4 35 20 91 40 20 80 66 63 92 35 32 37 71 51 83 27 86 5 37 3 83 86 9 18 73 93 35 81 92 66 19 22 61 76 63 9 72 70 93 84 19 16 73 17 58 80 57 90 65 53 26 31 66 20 62 92 29 100 62 26 27 96 86 74 83 12 98 59 4 17 91 78 29 41 46 77 89 96 98 38 8 20 31 56 27
48 71 94 10 96 90 57 34 86 66 46 85 58 0 64 81 71 36 93 79 6 81 43 97 48 66 21 16 20 63 88 7 61 46 42 26 8 100 61 28 24 91 39 27 98 79 15 30 18 57 54 63 18 1 86 8 56 63 51 63 86 101 12 101 37 27 96 82 90 19 80 57 20 84 46 71 4 83 52 74 60 95 64 14 62 46 25 42 88 48 24 24 53 42 57 52 46 64 80 99
22 71 6 88 9 53 46 70 75 54 8 60 4 64 0 30 58 62 15 86 37 50 18 64 12 28 92 27 57 35 82 26 92 37 70 6 20 22 68 93 6 17 84 90 22 65 101 28 82 75 90 76 13 89 42 17 92 36 101 1 58 79 2 86 87 88 98 20 21 47 62 46 65 8 35 67 84 30 59 38 78 27 4 5 58 85 36 24 80 93 51 87 101 96 43 73 10 91 98 91
74 91 66 4 36 78 90 37 77 2 36 60 35 81 30 0 7 72 74 27 67 74 27 26 66 20 77 33 81 18 96 31 59 83 91 9 35 62 63 25 86 91 22 25 27 59 82 30 79 55 16 47 19 67 41 87 62 46 33 93 25 14 62 41 41 44 59 59 22 24 69 8 24 43 33 85 62 85 25 60 51 57 58 96 5 71 31 56 63 12 8 15 3 55 68 94 52 61 46 58
13 78 13 69 76 67 50 95 88 35 75 53 20 71 58 7 0 69 12 53 11 73 11 35 22 39 3 96 88 43 55 56 6 100 25 96 28 93 83 39 39 79 47 40 61 88 97 43 79 45 47 63 44 47 85 96 21 42 87 81 23 14 49 58 48 31 84 96 41 87 83 42 59 44 96 60 65 69 72 59 64 4 100 68 101 33 84 79 80 66 80 63 44 88 51 79 49 2 52 49
10 49 8 98 67 57 14 19 25 21 28 23 91 36 62 72 69 0 16 39 71 81 13 68 93 54 36 9 99 27 95 100 52 55 72 34 68 9 18 82 93 23 19 15 69 65 25 5 4 32 75 30 48 62 51 50 45 2 27 34 12 75 99 68 53 43 34 59 58 15 2 41 58 72 4 88 100 78 46 62 15 14 35 99 9 8 87 76 99 42 22 34 38 53 61 48 65 51 90 97
60 88 42 83 89 88 8 92 16 44 99 76 40 93 15 74 12 16 0 23 12 89 11 90 20 8 44 49 36 68 73 16 7 5 16 27 15 42 75 19 91 46 70 95 92 41 66 88 47 78 26 54 22 38 93 49 84 75 44 86 27 99 80 57 19 9 18 80 6 67 58 63 73 22 39 27 70 42 88 52 38 7 22 52 42 83 92 5 60 29 8 16 3 26 29 72 8 40 33 22
6 11 32 28 57 52 31 46 80 12 4 60 20 79 86 27 53 39 23 0 68 79 46 76 55 65 66 35 9 95 65 94 2 48 39 38 41 7 56 91 39 66 14 38 88 66 8 70 81 66 13 15 81 33 33 60 17 69 10 82 13 44 68 67 32 85 25 77 55 30 18 96 25 25 37 39 32 45 87 21 67 43 20 87 38 66 74 40 41 45 22 54 10 54 67 27 100 32 98 71
40 73 33 36 95 99 75 36 90 74 77 82 80 6 37 67 11 71 12 68 0 70 55 59 101 35 22 99 86 78 42 1 45 68 60 62 35 89 14 11 82 5 10 88 90 49 63 95 101 30 8 41 59 79 93 87 32 26 79 70 1 23 60 8 54 3 57 24 2 30 96 27 66 52 64 87 22 32 28 3 79 96 97 64 74 1 14 94 39 87 90 88 59 34 9 71 44 94 61 39
40 80 64 72 49 29 22 34 44 36 97 44 66 81 50 74 73 81 89 79 70 0 81 85 51 25 85 23 70 66 96 25 66 29 2 29 60 94 93 43 19 85 8 42 72 100 92 91 5 61 38 68 47 85 62 10 18 13 24 60 3 52 30 62 31 6 49 27 77 54 63 81 38 29 69 71 71 24 41 63 98 7 75 73 23 88 39 69 46 5 31 51 20 41 44 58 10 35 34 101
21 3 22 4 63 28 69 53 20 85 2 95 63 43 18 27 11 13 11 46 55 81 0 64 76 21 93 90 31 36 80 90 51 25 30 2 81 10 22 1 83 72 38 24 71 42 83 37 23 6 17 78 56 95 63 57 32 39 76 62 31 82 2 45 100 79 11 71 73 43 100 32 74 21 82 69 68 58 60 60 48 54 26 90 9 97 80 91 74 62 5 49 63 58 25 42 57 31 98 81
27 63 45 41 88 29 21 78 45 34 17 55 92 97 64 26 35 68 90 76 59 85 64 0 57 55 5 54 96 27 44 4 74 81 82 3 59 74 31 4 72 8 29 53 73 67 8 58 21 92 9 41 30 27 101 4 38 28 48 58 35 62 89 99 64 55 18 83 42 20 55 84 75 11 31 59 8 40 90 63 36 9 80 71 100 54 85 24 82 24 75 33 72 5 47 27 59 46 31 14
55 63 25 50 15 44 16 28 4 48 97 101 35 48 12 66 22 93 20 55 101 51 76 57 0 91 12 32 23 84 6 94 90 15 77 98 39 100 76 55 78 16 49 31 26 16 33 83 38 60 15 8 63 97 16 55 3 12 91 3 39 94 58 93 39 42 77 91 51 42 10 32 15 97 2 97 27 82 48 72 11 20 15 88 71 55 96 83 17 74 66 31 64 40 32 54 18 77 64 95
33 93 12 66 101 89 25 2 98 4 3 30 32 66 28 20 39 54 8 65 35 25 21 55 91 0 13 22 33 1 66 75 48 59 17 31 70 91 41 96 21 23 54 35 16 90 1 44 9 70 49 34 68 97 42 58 91 1 20 88 6 17 73 31 91 49 83 9 80 49 72 31 38 37 59 51 65 26 1 8 57 74 28 43 99 3 33 57 2 76 64 16 36 61 41 52 49 48 18 65
81 25 100 17 51 21 11 69 53 83 25 67 37 21 92 77 3 36 44 66 22 85 93 5 12 13 0 50 42 89 20 78 97 10 32 95 93 6 52 101 101 46 59 96 91 2 85 87 42 57 34 12 66 30 44 62 52 72 86 29 69 5 18 10 46 40 93 17 63 66 65 30 69 87 50 30 63 61 72 56 64 70 82 45 97 52 11 9 7 83 49 51 29 87 12 79 57 84 24 14
78 32 17 67 60 91 66 36 69 33 3 64 71 16 27 33 96 9 49 35 99 23 90 54 32 22 50 0 97 40 3 61 37 90 48 101 93 35 93 31 68 33 44 88 18 17 32 48 21 37 58 41 100 68 26 79 68 37 66 70 51 99 61 99 88 56 35 62 39 6 55 24 7 31 65 47 24 77 46 10 39 19 14 78 29 34 40 10 12 92 83 98 9 77 71 9 45 24 48 39
7 95 13 7 14 73 71 53 49 70 21 18 51 20 57 81 88 99 36 9 86 70 31 96 23 33 42 97 0 91 24 23 53 20 88 35 54 8 38 21 20 2 95 30 84 56 25 53 60 23 1 43 62 97 52 30 34 43 47 68 83 63 98 5 36 51 32 61 89 77 14 81 13 93 46 80 37 59 72 95 29 53 2 38 9 42 56 45 46 43 50 63 93 64 58 59 81 50 22 16
57 56 83 49 28 14 64 57 93 72 37 91 83 63 35 18 43 27 68 95 78 66 36 27 84 1 89 40 91 0 27 4 6 101 1 35 42 21 78 22 96 10 17 100 74 57 16 17 21 41 32 18 70 54 54 92 83 70 1 84 21 4 65 48 57 57 11 60 90 34 62 96 29 60 28 98 53 96 98 64 8 43 22 61 90 60 17 95 21 78 2 33 25 93 12 58 69 59 42 95
90 101 78 92 21 61 89 22 69 25 15 96 27 88 82 96 55 95 73 65 42 96 80 44 6 66 20 3 24 27 0 94 26 11 72 52 89 39 26 11 10 94 30 58 24 79 81 13 92 56 46 39 4 64 72 36 46 52 18 25 1 23 10 64 11 88 66 65 44 48 92 21 44 44 1 4 75 66 41 16 22 21 20 75 38 28 13 44 55 67 10 11 32 96 30 75 17 77 38 37
35 100 67 6 58 76 35 72 40 52 83 12 86 7 26 31 56 100 16 94 1 25 90 4 94 75 78 61 23 4 94 0 96 17 59 22 72 92 13 15 67 82 56 97 17 73 40 41 50 32 45 22 62 95 87 95 80 49 56 67 88 2 83 13 52 101 96 49 61 66 2 28 43 15 88 95 31 33 17 17 60 58 19 39 98 14 52 17 41 59 69 25 37 82 50 5 53 94 74 90
13 50 72 101 91 57 37 5 99 5 93 79 5 61 92 59 6 52 7 2 45 66 51 74 90 48 97 37 53 6 26 96 0 73 98 55 59 66 25 49 17 83 15 77 28 84 32 32 100 59 51 42 7 94 53 92 55 27 10 42 80 50 76 42 27 68 8 99 80 3 41 44 11 28 50 4 84 10 63 97 82 48 25 80 54 36 69 40 13 63 25 14 74 39 18 46 76 72 1 47
75 27 19 79 22 91 42 83 33 93 22 26 37 46 37 83 100 55 5 48 68 29 25 81 15 59 10 90 20 101 11 17 73 0 91 28 58 42 80 37 92 25 33 31 67 18 33 21 79 36 23 12 68 96 64 2 52 101 56 89 16 72 36 63 20 62 80 8 43 28 27 22 83 52 45 7 28 13 49 30 28 8 88 3 22 40 60 55 78 72 87 55 49 28 9 88 101 16 33 50
80 53 88 96 56 90 61 46 70 97 89 42 3 42 70 91 25 72 16 39 60 2 30 82 77 17 32 48 88 1 72 59 98 91 0 7 9 83 42 11 56 13 22 51 73 86 49 51 11 50 51 43 92 85 62 36 11 77 40 46 29 82 32 84 62 88 14 89 16 15 31 11 69 89 66 70 81 55 95 60 8 17 24 7 51 90 67 38 11 54 34 22 41 42 100 28 44 99 9 41
61 31 72 34 87 8 47 66 2 48 62 17 83 26 6 9 96 34 27 38 62 29 2 3 98 31 95 101 35 35 52 22 55 28 7 0 81 33 84 7 67 70 7 60 21 31 28 3 65 37 47 30 77 52 31 83 89 100 81 53 88 35 6 59 49 43 14 38 30 51 30 86 62 14 66 9 81 37 6 38 14 66 88 60 84 19 85 79 49 79 85 37 99 10 66 76 33 23 56 68
46 85 42 32 26 42 3 14 81 63 81 18 86 8 20 35 28 68 15 41 35 60 81 59 39 70 93 93 54 42 89 72 59 58 9 81 0 79 75 90 52 24 7 4 36 87 9 68 16 96 73 17 69 37 78 29 9 54 95 43 12 39 43 33 86 81 55 87 47 74 14 17 15 14 100 93 35 51 13 19 28 101 67 69 5 57 57 15 74 55 68 16 24 12 62 32 50 70 73 51
67 2 97 79 65 80 46 9 93 5 82 66 9 100 22 62 93 9 42 7 89 94 10 74 100 91 6 35 8 21 39 92 66 42 83 33 79 0 31 73 16 24 88 98 46 81 41 96 12 71 13 96 56 7 12 4 5 87 54 15 28 96 45 95 46 79 101 66 43 11 13 98 50 84 74 27 94 23 13 38 65 88 24 5 24 90 68 23 6 77 34 48 27 59 51 95 96 25 64 71
26 73 24 41 50 59 30 44 13 28 89 72 18 61 68 63 83 18 75 56 14 93 22 31 76 41 52 93 38 78 26 13 25 80 42 84 75 31 0 40 29 37 29 11 83 11 28 56 79 42 46 39 10 5 4 51 86 39 7 35 12 27 38 86 101 48 36 92 95 71 53 46 27 89 98 88 29 41 59 75 52 50 31 40 35 99 101 94 34 65 62 82 56 81 18 47 32 29 58 48
53 28 96 90 72 4 47 90 93 69 7 69 73 28 93 25 39 82 19 91 11 43 1 4 55 96 101 31 21 22 11 15 49 37 11 7 90 73 40 0 43 42 27 99 98 8 67 43 55 66 38 31 87 91 15 30 71 40 10 94 23 28 94 77 47 1 34 85 87 92 41 13 66 10 17 5 7 22 63 61 69 72 49 23 68 3 96 26 13 63 49 25 61 76 33 97 84 31 14 35
82 70 25 66 30 52 70 77 95 89 14 78 93 24 6 86 39 93 91 39 82 19 83 72 78 21 101 68 20 96 10 67 17 92 56 67 52 16 29 43 0 87 83 47 87 70 61 86 13 43 94 86 54 92 45 50 81 97 53 51 17 56 34 33 24 83 67 97 49 28 20 30 80 55 53 72 57 12 90 56 27 32 79 51 28 64 11 41 81 15 24 45 53 37 54 24 14 43 60 45
75 5 70 49 59 100 99 44 60 77 95 10 35 91 17 91 79 23 46 66 5 85 72 8 16 23 46 33 2 10 94 82 83 25 13 70 24 24 37 42 87 0 55 96 15 90 75 62 81 92 4 44 32 68 86 72 70 30 54 17 88 3 3 14 94 42 38 84 83 92 8 85 62 96 48 32 6 66 91 74 28 96 39 41 49 9 86 47 30 43 47 96 8 81 7 86 59 61 6 50
57 47 26 25 28 77 82 62 65 54 38 79 81 39 84 22 47 19 70 14 10 8 38 29 49 54 59 44 95 17 30 56 15 33 22 7 7 88 29 27 83 55 0 47 32 59 57 47 28 32 25 54 84 91 11 38 97 38 4 14 86 48 61 19 15 33 13 32 54 79 60 82 86 100 49 64 23 32 41 51 36 82 27 44 26 29 19 58 98 4 81 56 16 39 41 88 68 97 17 46
68 69 57 43 12 77 4 89 44 73 61 74 92 27 90 25 40 15 95 38 88 42 24 53 31 35 96 88 30 100 58 97 77 31 51 60 4 98 11 99 47 96 47 0 64 70 100 72 9 43 44 33 35 5 76 15 10 6 81 36 29 18 85 96 48 89 95 76 31 42 69 15 74 19 8 49 25 1 63 24 21 10 10 13 33 87 7 91 71 66 56 15 26 93 15 70 25 57 71 99
80 65 94 63 15 47 85 85 62 21 68 60 66 98 22 27 61 69 92 88 90 72 71 73 26 16 91 18 84 74 24 17 28 67 73 21 36 46 83 98 87 15 32 64 0 46 79 19 31 28 80 74 91 26 91 32 22 70 95 53 20 50 1 33 59 39 78 59 22 60 96 33 47 28 54 62 79 63 6 71 48 49 31 54 39 20 75 20 51 97 70 77 1 49 34 18 28 68 22 90
26 4 4 82 21 30 32 13 95 64 24 82 19 79 65 59 88 65 41 66 49 100 42 67 16 90 2 17 56 57 79 73 84 18 86 31 87 81 11 8 70 90 59 70 46 0 3 52 98 60 49 27 71 40 24 60 78 32 54 79 50 74 44 101 100 77 44 6 100 68 35 24 62 27 35 55 72 86 80 47 8 50 85 89 36 18 24 99 8 54 87 93 85 69 26 18 80 13 75 41
3 99 89 42 72 90 16 51 54 74 43 38 22 15 101 82 97 25 66 8 63 92 83 8 33 1 85 32 25 16 81 40 32 33 49 28 9 41 28 67 61 75 57 100 79 3 0 1 23 64 59 10 13 101 35 26 83 92 37 51 80 81 101 60 91 38 14 94 92 65 57 35 78 97 89 23 63 93 37 90 5 57 42 65 69 63 11 95 93 63 30 40 19 58 94 4 52 23 100 9
87 45 53 84 51 92 7 53 69 59 100 66 61 30 28 30 43 5 88 70 95 91 37 58 83 44 87 48 53 17 13 41 32 21 51 3 68 96 56 43 86 62 47 72 19 52 1 0 53 63 78 78 77 83 61 14 101 80 73 65 82 40 34 7 50 13 50 75 78 89 84 90 38 12 81 26 49 95 96 101 26 36 14 99 99 40 32 33 72 101 85 73 35 11 85 55 3 69 10 44
76 89 72 15 2 75 7 98 52 75 66 55 76 18 82 79 79 4 47 81 101 5 23 21 38 9 42 21 60 21 92 50 100 79 11 65 16 12 79 55 13 81 28 9 31 98 23 53 0 4 9 18 15 79 83 4 65 20 33 22 74 82 46 51 95 95 73 4 55 59 12 32 24 51 99 67 55 45 50 85 95 63 15 13 83 17 56 9 39 47 62 48 97 88 40 57 44 24 41 19
56 46 2 56 56 6 60 60 91 59 92 36 63 57 75 55 45 32 78 66 30 61 6 92 60 70 57 37 23 41 56 32 59 36 50 37 96 71 42 66 43 92 32 43 28 60 64 63 4 0 38 38 1 47 4 18 76 42 14 11 74 56 99 62 54 35 23 40 13 27 12 23 55 91 84 87 63 10 71 14 2 84 73 24 5 21 21 72 37 95 32 77 22 87 18 1 70 55 28 36
45 2 99 62 19 59 57 97 88 43 79 53 9 54 90 16 47 75 26 13 8 38 17 9 15 49 34 58 1 32 46 45 51 23 51 47 73 13 46 38 94 4 25 44 80 49 59 78 9 38 0 6 62 73 90 43 88 79 71 89 25 16 68 84 76 95 82 76 14 86 81 68 10 15 96 14 48 34 51 95 36 48 23 5 6 87 67 30 33 65 82 24 50 36 81 45 79 95 96 59
11 48 9 16 10 20 78 95 42 89 43 40 72 63 76 47 63 30 54 15 41 68 78 41 8 34 12 41 43 18 39 22 42 12 43 30 17 96 39 31 86 44 54 33 74 27 10 78 18 38 6 0 83 59 99 82 43 1 92 20 60 70 26 63 4 67 18 75 29 93 23 33 37 25 63 27 7 6 7 23 6 5 26 32 97 19 51 30 45 7 92 25 67 52 46 6 49 7 50 51
29 11 36 1 79 41 64 34 100 68 9 41 70 18 13 19 44 48 22 81 59 47 56 30 63 68 66 100 62 70 4 62 7 68 92 77 69 56 10 87 54 32 84 35 91 71 13 77 15 1 62 83 0 76 44 25 90 75 38 24 95 44 11 69 95 101 67 25 32 24 51 92 75 96 44 11 15 35 60 43 4 77 91 94 43 10 43 52 14 94 49 61 20 17 23 41 65 9 81 33
45 50 59 19 93 20 83 40 49 14 37 81 93 1 89 67 47 62 38 33 79 85 95 27 97 97 30 68 97 54 64 95 94 96 85 52 37 7 5 91 92 68 91 5 26 40 101 83 79 47 73 59 76 0 28 8 67 74 9 79 59 60 14 36 32 99 21 30 41 48 94 26 74 64 44 92 12 16 12 66 62 33 54 14 75 62 57 43 86 15 81 97 46 70 96 2 59 59 93 51
98 26 8 17 74 87 45 57 24 92 86 42 84 86 42 41 85 51 93 33 93 62 63 101 16 42 44 26 52 54 72 87 53 64 62 31 78 12 4 15 45 86 11 76 91 24 35 61 83 4 90 99 44 28 0 55 100 13 61 97 68 56 54 101 86 25 88 3 48 5 5 25 67 49 76 19 78 74 83 10 86 33 82 15 61 68 40 89 80 63 1 21 54 32 71 52 77 3 76 54
31 96 87 88 36 81 45 38 64 19 37 22 19 8 17 87 96 50 49 60 87 10 57 4 55 58 62 79 30 92 36 95 92 2 36 83 29 4 51 30 50 72 38 15 32 60 26 14 4 18 43 82 25 8 55 0 12 70 61 12 71 92 49 22 64 95 51 20 30 32 99 68 17 72 28 56 59 89 13 51 63 41 92 13 77 99 43 38 70 73 22 64 74 25 94 25 87 82 67 33
71 74 15 97 86 51 82 86 80 5 30 8 16 56 92 62 21 45 84 17 32 18 32 38 3 91 52 68 34 83 46 80 55 52 11 89 9 5 86 71 81 70 97 10 22 78 83 101 65 76 88 43 90 67 100 12 0 96 39 96 35 42 28 43 18 28 80 62 95 72 24 7 85 79 85 45 18 16 62 95 20 42 92 50 6 94 65 17 31 24 89 73 15 58 82 98 45 42 84 70
42 76 53 75 2 70 98 44 29 12 3 25 73 63 36 46 42 2 75 69 26 13 39 28 12 1 72 37 43 70 52 49 27 101 77 100 54 87 39 40 97 30 38 6 70 32 92 80 20 42 79 1 75 74 13 70 96 0 42 53 94 23 66 49 51 69 56 22 58 18 67 98 69 99 46 76 27 12 97 4 6 32 28 99 101 92 22 16 28 94 78 5 13 39 45 33 73 54 53 1
11 61 13 6 32 46 28 29 13 66 78 79 17 51 101 33 87 27 44 10 79 24 76 48 91 20 86 66 47 1 18 56 10 56 40 81 95 54 7 10 53 54 4 81 95 54 37 73 33 14 71 92 38 9 61 61 39 42 0 35 33 16 12 45 24 84 91 25 16 24 53 94 86 32 41 2 46 68 36 79 68 41 74 79 21 98 71 95 46 75 84 98 6 70 28 99 59 8 79 24
59 32 72 14 99 56 55 90 50 76 92 92 58 63 1 93 81 34 86 82 70 60 62 58 3 88 29 70 68 84 25 67 42 89 46 53 43 15 35 94 51 17 14 36 53 79 51 65 22 11 89 20 24 79 97 12 96 53 35 0 69 6 69 6 42 29 86 25 83 20 44 47 97 62 32 13 98 98 33 75 68 61 8 14 26 80 6 49 41 51 55 48 99 55 73 99 52 11 1 48
7 33 84 70 50 9 44 17 52 42 45 49 80 86 58 25 23 12 27 13 1 3 31 35 39 6 69 51 83 21 1 88 80 16 29 88 12 28 12 23 17 88 86 29 20 50 80 82 74 74 25 60 95 59 68 71 35 94 33 69 0 44 9 24 83 97 36 86 91 74 19 58 82 39 41 69 57 61 82 68 49 76 1 59 2 30 24 18 6 53 26 40 45 33 44 21 37 51 45 33
16 30 93 48 81 9 39 46 50 49 92 81 57 101 79 14 14 75 99 44 23 52 82 62 94 17 5 99 63 4 23 2 50 72 82 35 39 96 27 28 56 3 48 18 50 74 81 40 82 56 16 70 44 60 56 92 42 23 16 6 44 0 14 6 6 68 38 29 79 37 10 71 2 5 54 16 45 59 52 41 76 30 19 13 35 49 77 38 43 77 60 40 92 73 12 67 87 96 48 75
65 86 3 76 73 24 61 96 32 88 62 10 90 12 2 62 49 99 80 68 60 30 2 89 58 73 18 61 98 65 10 83 76 36 32 6 43 45 38 94 34 3 61 85 1 44 101 34 46 99 68 26 11 14 54 49 28 66 12 69 9 14 0 60 70 35 94 66 71 24 75 9 97 7 53 4 61 95 81 87 24 81 13 100 85 51 52 95 42 27 67 44 38 22 20 86 33 75 93 30
85 29 12 87 38 4 39 78 24 73 42 96 65 101 86 41 58 68 57 67 8 62 45 99 93 31 10 99 5 48 64 13 42 63 84 59 33 95 86 77 33 14 19 96 33 101 60 7 51 62 84 63 69 36 101 22 43 49 45 6 24 6 60 0 77 54 4 7 99 71 48 27 85 61 44 10 99 49 91 13 8 3 43 61 34 29 12 48 65 31 43 62 14 8 32 56 25 40 91 20
6 52 37 39 80 78 23 31 16 97 50 81 53 37 87 41 48 53 19 32 54 31 100 64 39 91 46 88 36 57 11 52 27 20 62 49 86 46 101 47 24 94 15 48 59 100 91 50 95 54 76 4 95 32 86 64 18 51 24 42 83 6 70 77 0 98 14 9 36 68 14 85 40 63 85 56 26 52 52 74 55 9 39 26 24 9 70 28 42 18 101 74 52 71 60 39 39 24 24 26
41 23 69 100 3 19 5 47 81 46 88 99 26 27 88 44 31 43 9 85 3 6 79 55 42 49 40 56 51 57 88 101 68 62 88 43 81 79 48 1 83 42 33 89 39 77 38 13 95 35 95 67 101 99 25 95 28 69 84 29 97 68 35 54 98 0 61 84 94 93 78 69 46 90 18 55 50 43 84 7 97 88 94 96 40 32 71 33 99 93 74 68 88 44 93 80 95 42 90 67
4 43 11 58 68 2 13 87 33 73 74 1 31 96 98 59 84 34 18 25 57 49 11 18 77 83 93 35 32 11 66 96 8 80 14 14 55 101 36 34 67 38 13 95 78 44 14 50 73 23 82 18 67 21 88 51 80 56 91 86 36 38 94 4 14 61 0 82 92 57 47 32 95 39 51 29 92 25 42 89 62 28 40 72 43 4 19 69 90 6 94 46 84 20 33 92 13 36 56 51
86 55 84 10 51 5 92 96 30 84 14 21 66 82 20 59 96 59 80 77 24 27 71 83 91 9 17 62 61 60 65 49 99 8 89 38 87 66 92 85 97 84 32 76 59 6 94 75 4 40 76 75 25 30 3 20 62 22 25 25 86 29 66 7 9 84 82 0 30 26 27 15 87 84 27 67 97 78 31 49 24 65 6 100 22 67 86 2 16 85 43 75 78 55 73 85 72 97 15 23
41 61 94 7 60 65 9 56 26 43 96 69 20 90 21 22 41 58 6 55 2 77 73 42 51 80 63 39 89 90 44 61 80 43 16 30 47 43 95 87 49 83 54 31 22 100 92 78 55 13 14 29 32 41 48 30 95 58 16 83 91 79 71 99 36 94 92 30 0 20 36 62 12 96 48 21 39 81 87 62 6 14 50 65 49 92 78 24 87 9 64 29 53 97 39 46 94 100 46 10
12 17 80 14 98 94 14 1 14 10 88 90 62 19 47 24 87 15 67 30 30 54 43 20 42 49 66 6 77 34 48 66 3 28 15 51 74 11 71 92 28 92 79 42 60 68 65 89 59 27 86 93 24 48 5 32 72 18 24 20 74 37 24 71 68 93 57 26 20 0 69 49 41 77 69 74 42 64 23 3 58 40 62 51 30 32 96 55 34 74 75 38 34 9 67 88 70 83 49 53
35 30 94 2 33 23 5 17 31 18 7 98 92 80 62 69 83 2 58 18 96 63 100 55 10 72 65 55 14 62 92 2 41 27 31 30 14 13 53 41 20 8 60 69 96 35 57 84 12 12 81 23 51 94 5 99 24 67 53 44 19 10 75 48 14 78 47 27 36 69 0 35 12 9 59 58 48 65 13 74 49 101 73 50 75 15 13 31 101 28 49 48 62 90 14 65 35 11 93 38
18 98 20 83 32 1 14 20 44 65 2 61 29 57 46 8 42 41 63 96 27 81 32 84 32 31 30 24 81 96 21 28 44 22 11 86 17 98 46 13 30 85 82 15 33 24 35 90 32 23 68 33 92 26 25 68 7 98 94 47 58 71 9 27 85 69 32 15 62 49 35 0 87 92 89 31 47 27 51 24 77 62 11 27 70 69 30 12 28 55 84 47 82 90 94 10 57 97 84 27
38 64 32 98 25 89 32 43 39 35 90 80 100 20 65 24 59 58 73 25 66 38 74 75 15 38 69 7 13 29 44 43 11 83 69 62 15 50 27 66 80 62 86 74 47 62 78 38 24 55 10 37 75 74 67 17 85 69 86 97 82 2 97 85 40 46 95 87 12 41 12 87 0 30 63 27 89 22 56 29 16 84 86 20 40 64 84 17 40 3 46 82 58 60 87 83 15 14 29 6
33 36 1 76 4 62 53 6 9 48 23 48 62 84 8 43 44 72 22 25 52 29 21 11 97 37 87 31 93 60 44 15 28 52 89 14 14 84 89 10 55 96 100 19 28 27 97 12 51 91 15 25 96 64 49 72 79 99 32 62 39 5 7 61 63 90 39 84 96 77 9 92 30 0 54 38 48 5 25 46 24 3 70 38 34 69 1 27 24 1 16 59 81 65 57 5 53 73 29 96
28 32 8 95 91 65 43 23 6 95 90 89 26 46 35 33 96 4 39 37 64 69 82 31 2 59 50 65 46 28 1 88 50 45 66 66 100 74 98 17 53 48 49 8 54 35 89 81 99 84 96 63 44 44 76 28 85 46 41 32 41 54 53 44 85 18 51 27 48 69 59 89 63 54 0 70 86 29 4 99 64 38 24 4 94 80 5 98 101 11 25 95 68 37 101 34 66 86 23 64
45 99 49 58 63 2 38 57 79 64 73 26 27 71 67 85 60 88 27 39 87 71 69 59 97 51 30 47 80 98 4 95 4 7 70 9 93 27 88 5 72 32 64 49 62 55 23 26 67 87 14 27 11 92 19 56 45 76 2 13 69 16 4 10 56 55 29 67 21 74 58 31 27 38 70 0 96 75 32 32 34 81 69 40 5 70 95 37 51 14 47 19 65 89 48 38 46 75 2 20
32 87 59 17 29 93 55 8 40 52 37 58 96 4 84 62 65 100 70 32 22 71 68 8 27 65 63 24 37 53 75 31 84 28 81 81 35 94 29 7 57 6 23 25 79 72 63 49 55 63 48 7 15 12 78 59 18 27 46 98 57 45 61 99 26 50 92 97 39 42 48 47 89 48 86 96 0 92 79 15 63 18 52 94 82 2 35 14 77 87 67 40 53 76 34 78 41 68 73 31
60 13 43 101 4 75 90 61 11 27 59 9 86 83 30 85 69 78 42 45 32 24 58 40 82 26 61 77 59 96 66 33 10 13 55 37 51 23 41 22 12 66 32 1 63 86 93 95 45 10 34 6 35 16 74 89 16 12 68 98 61 59 95 49 52 43 25 78 81 64 65 27 22 5 29 75 92 0 19 88 74 21 32 95 31 47 69 99 61 41 28 14 93 91 1 6 34 69 31 86
63 93 14 42 19 53 7 59 63 3 51 95 74 52 59 25 72 46 88 87 28 41 60 90 48 1 72 46 72 98 41 17 63 49 95 6 13 13 59 63 90 91 41 63 6 80 37 96 50 71 51 7 60 12 83 13 62 97 36 33 82 52 81 91 52 84 42 31 87 23 13 51 56 25 4 32 79 19 0 48 35 39 19 11 70 67 83 57 89 9 98 78 2 59 50 27 3 32 86 58
85 95 47 56 60 23 82 98 55 53 55 88 83 74 38 60 59 62 52 21 3 63 60 63 72 8 56 10 95 64 16 17 97 30 60 38 19 38 75 61 56 74 51 24 71 47 90 101 85 14 95 23 43 66 10 51 95 4 79 75 68 41 87 13 74 7 89 49 62 3 74 24 29 46 99 32 15 88 48 0 80 10 77 63 87 60 31 49 49 69 95 5 69 72 10 100 81 84 47 72
55 79 18 87 15 4 67 88 45 28 75 61 12 60 78 51 64 15 38 67 79 98 48 36 11 57 64 39 29 8 22 60 82 28 8 14 28 65 52 69 27 28 36 21 48 8 5 26 95 2 36 6 4 62 86 63 20 6 68 68 49 76 24 8 55 97 62 24 6 58 49 77 16 24 64 34 63 74 35 80 0 48 36 22 37 80 36 82 78 44 76 3 47 7 28 101 61 36 50 33
32 101 9 84 64 34 82 12 62 26 19 76 98 95 27 57 4 14 7 43 96 7 54 9 20 74 70 19 53 43 21 58 48 8 17 66 101 88 50 72 32 96 82 10 49 50 57 36 63 84 48 5 77 33 33 41 42 32 41 61 76 30 81 3 9 88 28 65 14 40 101 62 84 3 38 81 18 21 39 10 48 0 64 63 26 82 13 48 68 3 77 98 80 57 100 97 59 87 27 46
53 17 71 52 85 77 49 63 53 82 29 3 59 64 4 58 100 35 22 20 97 75 26 80 15 28 82 14 2 22 20 19 25 88 24 88 67 24 31 49 79 39 27 10 31 85 42 14 15 73 23 26 91 54 82 92 92 28 74 8 1 19 13 43 39 94 40 6 50 62 73 11 86 70 24 69 52 32 19 77 36 64 0 21 37 49 90 47 19 85 33 90 62 79 66 17 7 38 18 51
50 91 82 46 42 37 67 99 37 45 10 24 4 14 5 96 68 99 52 87 64 73 90 71 88 43 45 78 38 61 75 39 80 3 7 60 69 5 40 23 51 41 44 13 54 89 65 99 13 24 5 32 94 14 15 13 50 99 79 14 59 13 100 61 26 96 72 100 65 51 50 27 20 38 4 40 94 95 11 63 22 63 21 0 37 58 48 98 101 42 27 51 5 35 4 99 40 91 10 84
26 62 81 66 84 101 38 81 24 20 12 87 17 62 58 5 101 9 42 38 74 23 9 100 71 99 97 29 9 90 38 98 54 22 51 84 5 24 35 68 28 49 26 33 39 36 69 99 83 5 6 97 43 75 61 77 6 101 21 26 2 35 85 34 24 40 43 22 49 30 75 70 40 34 94 5 82 31 70 87 37 26 37 37 0 55 44 101 28 6 64 11 37 18 76 19 33 56 75 52
65 33 20 1 32 32 32 81 20 1 70 62 91 46 85 71 33 8 83 66 1 88 97 54 55 3 52 34 42 60 28 14 36 40 90 19 57 90 99 3 64 9 29 87 20 18 63 40 17 21 87 19 10 62 68 99 94 92 98 80 30 49 51 29 9 32 4 67 92 32 15 69 64 69 80 70 2 47 67 60 80 82 49 58 55 0 12 37 101 71 10 77 11 72 97 80 81 41 58 44
30 78 36 34 70 89 70 88 58 28 25 77 78 25 36 31 84 87 92 74 14 39 80 85 96 33 11 40 56 17 13 52 69 60 67 85 57 68 101 96 11 86 19 7 75 24 11 32 56 21 67 51 43 57 40 43 65 22 71 6 24 77 52 12 70 71 19 86 78 96 13 30 84 1 5 95 35 69 83 31 36 13 90 48 44 12 0 16 6 33 25 14 30 55 49 13 38 72 9 86
94 23 63 26 75 79 43 87 75 10 88 45 29 42 24 56 79 76 5 40 94 69 91 24 83 57 9 10 45 95 44 17 40 55 38 79 15 23 94 26 41 47 58 91 20 99 95 33 9 72 30 30 52 43 89 38 17 16 95 49 18 38 95 48 28 33 69 2 24 55 31 12 17 27 98 37 14 99 57 49 82 48 47 98 101 37 16 0 66 25 61 3 7 3 95 49 90 33 83 90
58 10 21 27 81 18 31 57 52 28 89 82 41 88 80 63 80 99 60 41 39 46 74 82 17 2 7 12 46 21 55 41 13 78 11 49 74 6 34 13 81 30 98 71 51 8 93 72 39 37 33 45 14 86 80 70 31 28 46 41 6 43 42 65 42 99 90 16 87 34 101 28 40 24 101 51 77 61 89 49 78 68 19 101 28 101 6 66 0 71 40 10 3 82 44 66 99 87 59 54
58 62 12 18 99 87 84 93 52 99 71 50 46 48 93 12 66 42 29 45 87 5 62 24 74 76 83 92 43 78 67 59 63 72 54 79 55 77 65 63 15 43 4 66 97 54 63 101 47 95 65 7 94 15 63 73 24 94 75 51 53 77 27 31 18 93 6 85 9 74 28 55 3 1 11 14 87 41 9 69 44 3 85 42 6 71 33 25 71 0 69 99 65 83 39 84 20 34 13 42
17 36 64 97 42 13 70 21 44 83 10 37 77 24 51 8 80 22 8 22 90 31 5 75 66 64 49 83 50 2 10 69 25 87 34 85 68 34 62 49 24 47 81 56 70 87 30 85 62 32 82 92 49 81 1 22 89 78 84 55 26 60 67 43 101 74 94 43 64 75 49 84 46 16 25 47 67 28 98 95 76 77 33 27 64 10 25 61 40 69 0 67 10 63 66 75 13 56 61 25
13 100 28 10 59 41 23 73 47 42 45 77 89 24 87 15 63 34 16 54 88 51 49 33 31 16 51 98 63 33 11 25 14 55 22 37 16 48 82 25 45 96 56 15 77 93 40 73 48 77 24 25 61 97 21 64 73 5 98 48 40 40 44 62 74 68 46 75 29 38 48 47 82 59 95 19 40 14 78 5 3 98 90 51 11 77 14 3 10 99 67 0 27 50 40 34 47 5 56 57
43 32 18 86 77 28 58 63 36 61 60 35 96 53 101 3 44 38 3 10 59 20 63 72 64 36 29 9 93 25 32 37 74 49 41 99 24 27 56 61 53 8 16 26 1 85 19 35 97 22 50 67 20 46 54 74 15 13 6 99 45 92 38 14 52 88 84 78 53 34 62 82 58 81 68 65 53 93 2 69 47 80 62 5 37 11 30 7 3 65 10 27 0 27 24 69 71 29 82 82
31 69 35 17 67 77 46 94 28 91 93 25 98 42 96 55 88 53 26 54 34 41 58 5 40 61 87 77 64 93 96 82 39 28 42 10 12 59 81 76 37 81 39 93 49 69 58 11 88 87 36 52 17 70 32 25 58 39 70 55 33 73 22 8 71 44 20 55 97 9 90 90 60 65 37 89 76 91 59 72 7 57 79 35 18 72 55 3 82 83 63 50 27 0 9 74 75 92 61 28
48 1 7 96 13 30 3 95 90 14 4 8 38 57 43 68 51 61 29 67 9 44 25 47 32 41 12 71 58 12 30 50 18 9 100 66 62 51 18 33 54 7 41 15 34 26 94 85 40 18 81 46 23 96 71 94 82 45 28 73 44 12 20 32 60 93 33 73 39 67 14 94 87 57 101 48 34 1 50 10 28 100 66 4 76 97 49 95 44 39 66 40 24 9 0 8 70 42 61 27
49 80 17 4 23 97 16 73 51 15 76 82 8 52 73 94 79 48 72 27 71 58 42 27 54 52 79 9 59 58 75 5 46 88 28 76 32 95 47 97 24 86 88 70 18 18 4 55 57 1 45 6 41 2 52 25 98 33 99 99 21 67 86 56 39 80 92 85 46 88 65 10 83 5 34 38 78 6 27 100 101 97 17 99 19 80 13 49 66 84 75 34 69 74 8 0 95 46 65 25
82 76 5 5 88 34 58 94 70 22 59 94 20 46 10 52 49 65 8 100 44 10 57 59 18 49 57 45 81 69 17 53 76 101 44 33 50 96 32 84 14 59 68 25 28 80 52 3 44 70 79 49 65 59 77 87 45 73 59 52 37 87 33 25 39 95 13 72 94 70 35 57 15 53 66 46 41 34 3 81 61 59 7 40 33 81 38 90 99 20 13 47 71 75 70 95 0 62 2 40
20 75 27 22 79 71 48 98 40 40 43 88 31 64 91 61 2 51 40 32 94 35 31 46 77 48 84 24 50 59 77 94 72 16 99 23 70 25 29 31 43 61 97 57 68 13 23 69 24 55 95 7 9 59 3 82 42 54 8 11 51 96 75 40 24 42 36 97 100 83 11 97 14 73 86 75 68 69 32 84 36 87 38 91 56 41 72 33 87 34 56 5 29 92 42 46 62 0 45 6
85 36 47 37 94 1 61 80 34 22 88 39 56 80 98 46 52 90 33 98 61 34 98 31 64 18 24 48 22 42 38 74 1 33 9 56 73 64 58 14 60 6 17 71 22 75 100 10 41 28 96 50 81 93 76 67 84 53 79 1 45 48 93 91 24 90 56 15 46 49 93 84 29 29 23 2 73 31 86 47 50 27 18 10 75 58 9 83 59 13 61 56 82 61 61 65 2 45 0 7
22 47 68 14 17 40 89 56 29 75 13 37 27 99 91 58 49 97 22 71 39 101 81 14 95 65 14 39 16 95 37 90 47 50 41 68 51 71 48 35 45 50 46 99 90 41 9 44 19 36 59 51 33 51 54 33 70 1 24 48 33 75 30 20 26 67 51 23 10 53 38 27 6 96 64 20 31 86 58 72 33 46 51 84 52 44 86 90 54 42 25 57 82 28 27 25 40 6 7 0
