0 44 33 80 69 38 35 101 65 39 5 17 78 12 12 31 37 2 90 47 98 80 98 94 78 32 63 18 80 55 90 57 65 59 84 81 17 87 81 31 53 32 91 74 61 29 45 37 95 33 66 97 51 97 69 3 91 14 86 80 10 55 5 81 65 19 94 32 37 1 49 31 90 61 4 53 36 59 40 22 51 92 83 95 31 81 6 74 40 40 17 101 15 49 70 38 44 50 50 49
44 0 44 56 89 15 68 21 64 48 7 94 98 39 26 64 66 42 4 52 23 34 23 16 34 70 1 18 94 49 57 93 34 42 25 11 67 83 100 36 80 38 43 69 101 8 56 81 72 44 56 34 60 47 52 35 93 22 92 49 48 81 41 84 8 17 57 6 75 86 66 3 62 59 60 63 65 43 92 74 24 88 67 98 91 54 78 69 39 86 86 97 93 8 72 49 43 83 79 36
33 44 0 72 36 69 73 98 56 90 37 55 73 55 62 90 76 46 60 53 46 45 29 48 79 37 81 95 23 65 49 84 63 27 43 63 7 81 90 28 62 42 48 40 76 64 63 38 48 62 84 10 82 11 30 89 85 59 42 98 52 2 36 78 51 45 85 97 77 86 41 5 18 22 77 8 65 37 81 31 16 46 67 12 15 50 19 21 26 95 16 55 13 21 95 26 18 20 31 25
80 56 72 0 25 37 36 94 73 52 3 18 69 9 81 65 86 40 63 54 88 93 63 1 51 63 66 37 37 51 89 75 101 79 52 60 93 65 87 87 90 11 89 52 96 7 23 83 11 10 5 16 62 99 100 29 55 73 53 19 76 69 58 53 86 71 95 96 79 78 58 97 55 26 100 71 55 39 101 52 58 87 79 43 14 19 89 28 32 88 3 93 52 26 23 37 93 3 18 74
69 89 36 25 0 69 54 69 24 12 36 60 8 99 20 64 88 14 52 38 9 86 9 101 53 14 74 2 53 59 67 92 93 31 87 74 74 43 82 72 76 53 6 45 47 75 22 95 13 40 43 70 18 85 19 77 94 62 85 75 62 58 44 68 31 4 77 10 87 8 50 27 88 47 9 7 42 61 3 3 65 67 17 21 88 99 29 64 30 28 86 44 91 4 6 54 13 56 26 97
38 15 69 37 69 0 55 70 13 71 83 14 48 26 38 44 40 53 53 34 11 76 82 81 16 25 24 90 4 34 40 87 67 20 69 49 36 14 19 22 52 96 25 20 47 1 11 45 43 45 36 59 98 8 29 79 44 19 33 23 39 20 15 65 93 51 59 77 63 36 63 1 75 94 92 1 79 54 66 18 17 74 57 50 99 29 44 96 33 15 6 89 94 83 44 92 73 18 66 63
35 68 73 36 54 55 0 42 11 74 77 88 28 20 30 34 29 20 89 66 56 84 63 75 31 99 33 46 80 35 60 73 3 92 53 11 97 4 87 57 87 26 39 66 87 64 67 40 71 94 4 64 13 85 41 91 20 67 51 89 64 25 67 87 94 85 20 33 12 34 23 25 47 2 86 94 5 65 92 23 36 5 79 79 31 30 70 3 13 62 65 13 34 97 19 100 82 45 66 38
101 21 98 94 69 70 42 0 4 16 85 80 38 44 31 100 55 13 34 4 66 87 75 32 89 8 26 55 93 26 68 19 28 62 73 49 24 63 11 98 49 68 12 79 95 77 6 2 94 85 18 85 78 64 2 62 15 65 30 38 97 55 21 55 98 44 36 77 88 63 78 54 44 94 97 44 60 62 30 2 99 19 19 20 97 15 79 95 34 68 100 12 13 53 94 87 67 49 36 49
65 64 56 73 24 13 11 4 0 21 57 9 94 17 70 52 59 93 30 25 66 9 22 34 26 85 67 82 22 75 78 92 27 30 45 8 2 1 45 54 93 53 18 93 81 4 18 41 11 100 32 26 32 25 61 29 63 82 72 1 40 5 93 10 60 99 83 46 87 1 33 15 71 16 36 1 83 52 11 93 28 35 69 90 11 89 100 7 71 37 55 37 94 3 16 20 1 101 100 40
39 48 90 52 12 71 74 16 21 0 22 11 40 43 95 3 67 86 30 9 37 17 24 91 37 11 64 90 54 76 89 82 29 34 31 95 46 12 50 10 41 62 70 12 18 23 10 16 31 66 82 75 8 71 53 64 52 69 93 101 90 81 2 98 73 10 77 94 92 24 2 58 22 14 47 64 58 80 18 81 68 34 12 94 76 91 11 62 60 18 72 26 70 45 43 88 76 64 35 31
5 7 37 3 36 83 77 85 57 22 0 6 31 48 68 47 21 98 60 11 4 61 41 21 68 99 23 17 71 17 13 75 8 64 84 30 82 47 24 33 20 5 4 39 96 67 34 29 87 18 72 43 36 101 61 99 69 20 29 4 90 69 68 79 78 2 6 56 77 21 83 42 2 81 100 17 28 82 52 99 22 19 88 43 5 19 10 97 44 7 51 55 18 45 48 54 2 60 59 79
17 94 55 18 60 14 88 80 9 11 6 0 34 51 12 83 96 10 27 40 72 51 61 62 49 50 72 6 67 22 24 98 98 4 84 94 38 34 97 1 11 97 48 30 98 3 42 93 77 9 92 21 22 49 95 38 21 30 21 66 51 27 24 20 34 42 87 84 30 96 76 13 49 83 99 38 63 85 81 85 99 69 78 8 48 25 24 28 76 65 32 78 51 40 25 15 30 53 58 37
78 98 73 69 8 48 28 38 94 40 31 34 0 69 86 15 87 81 48 23 46 85 27 9 7 89 10 31 15 19 27 100 6 8 18 90 87 72 60 97 59 49 89 59 100 7 96 24 37 19 68 7 32 87 62 88 29 88 51 45 20 97 84 23 70 69 3 46 88 81 68 20 3 93 24 4 37 30 95 22 61 37 64 83 14 77 7 7 15 75 92 35 34 80 6 74 58 100 44 62
12 39 55 9 99 26 20 44 17 43 48 51 69 0 15 55 46 74 33 35 41 11 60 54 95 1 50 7 8 85 50 1 15 100 46 50 72 73 64 15 83 46 44 52 15 24 45 14 58 38 50 76 66 20 19 71 70 58 12 86 87 93 12 28 49 7 83 54 60 89 72 61 77 97 21 28 3 24 25 23 41 100 72 58 52 97 90 30 93 76 16 95 46 69 9 86 6 66 48 17
12 26 62 81 20 38 30 31 70 95 68 12 86 15 0 70 65 57 57 91 13 11 70 18 35 96 11 38 30 36 100 82 15 98 15 5 24 67 36 20 9 80 81 96 78 9 31 58 83 29 100 49 34 39 84 27 93 39 61 93 24 70 72 93 45 54 81 62 61 60 23 77 65 3 5 8 84 93 78 66 29 43 49 35 88 47 2 80 91 31 31 90 72 95 29 4 21 42 58 99
31 64 90 65 64 44 34 100 52 3 47 83 15 55 70 0 1 33 44 75 82 67 13 101 50 20 36 70 91 83 73 18 37 70 70 65 37 74 78 50 10 34 84 79 40 92 52 38 62 101 31 30 101 17 92 85 15 25 23 12 78 67 2 59 55 28 76 72 10 27 59 23 72 76 98 44 58 34 86 46 34 28 12 5 82 86 63 7 21 69 16 54 36 6 98 35 45 49 25 85
37 66 76 86 88 40 29 55 59 67 21 96 87 46 65 1 0 56 25 45 15 77 85 30 88 32 1 87 42 87 60 79 61 71 67 34 97 42 55 39 5 35 75 14 77 24 83 66 38 76 98 14 25 3 79 44 20 79 99 29 26 101 62 9 55 11 7 69 77 29 89 54 78 32 20 19 29 61 85 7 21 16 45 70 38 78 35 101 58 96 71 19 94 20 50 96 81 19 51 58
2 42 46 40 14 53 20 13 93 86 98 10 81 74 57 33 56 0 92 99 40 30 95 56 60 1 76 28 98 65 89 70 89 45 52 21 3 78 86 76 17 6 68 27 56 15 68 23 26 30 11 72 57 62 101 27 40 67 34 13 59 79 11 45 25 85 8 67 13 33 87 26 35 56 13 36 84 44 68 38 23 9 70 78 7 99 93 77 18 31 101 66 8 64 9 51 95 33 37 73
90 4 60 63 52 53 89 34 30 30 60 27 48 33 57 44 25 92 0 27 92 63 70 73 100 66 52 84 16 66 11 39 94 70 2 9 11 37 72 13 4 40 6 91 41 63 34 99 30 45 17 8 55 34 28 96 53 53 18 95 60 101 94 96 46 78 41 72 101 61 98 5 94 11 95 23 32 78 42 76 93 55 4 81 87 17 14 59 47 34 45 74 69 39 37 81 33 55 24 97
47 52 53 54 38 34 66 4 25 9 11 40 23 35 91 75 45 99 27 0 51 44 36 58 31 61 72 76 21 63 59 29 55 76 78 57 62 88 75 7 85 57 99 58 89 44 36 72 64 37 40 42 95 45 88 5 80 24 72 59 85 92 21 100 76 32 71 47 94 66 62 93 76 78 25 40 100 45 18 3 101 22 87 76 52 74 73 22 20 44 41 10 39 73 24 79 16 100 32 18
98 23 46 88 9 11 56 66 66 37 4 72 46 41 13 82 15 40 92 51 0 74 2 39 15 26 54 68 55 40 41 50 83 93 17 19 72 82 85 93 83 11 42 47 42 23 101 78 78 13 6 73 74 93 25 91 41 46 82 60 92 87 42 70 40 48 80 38 22 27 78 49 88 92 40 20 86 62 50 63 81 47 29 32 52 25 77 14 34 27 46 94 60 43 87 74 22 18 77 72
80 34 45 93 86 76 84 87 9 17 61 51 85 11 11 67 77 30 63 44 74 0 55 67 57 12 41 59 2 29 72 8 9 77 52 69 58 88 51 7 41 26 49 96 23 8 92 57 74 25 100 65 77 37 41 81 61 65 98 17 3 6 29 42 85 26 88 4 23 41 38 31 49 7 13 59 87 12 63 43 13 99 72 101 14 83 31 88 91 80 30 70 67 77 54 5 53 99 38 15
98 23 29 63 9 82 63 75 22 24 41 61 27 60 70 13 85 95 70 36 2 55 0 47 53 5 14 48 32 27 50 73 67 83 42 34 76 39 63 77 2 14 73 82 12 87 96 60 18 59 68 35 58 39 67 54 20 13 9 80 60 72 65 15 99 43 19 38 76 98 30 7 95 44 18 41 63 90 88 28 57 10 76 38 101 57 16 5 87 35 39 59 62 31 67 79 16 15 90 70
94 16 48 1 101 81 75 32 34 91 21 62 9 54 18 101 30 56 73 58 39 67 47 0 4 69 93 22 46 93 52 57 43 44 66 32 42 16 13 100 24 83 68 43 21 42 27 51 86 88 35 94 61 89 68 90 93 68 7 5 87 84 34 73 70 85 7 65 80 51 98 43 38 88 94 43 69 47 82 72 62 5 12 92 13 64 57 23 91 74 41 19 96 54 24 98 33 45 51 44
78 34 79 51 53 16 31 89 26 37 68 49 7 95 35 50 88 60 100 31 15 57 53 4 0 36 59 83 62 18 19 89 98 42 63 4 101 11 69 99 87 47 39 66 35 5 12 5 12 101 64 15 79 68 58 65 15 100 42 55 45 100 72 35 19 74 57 98 65 25 22 3 12 93 32 13 30 101 61 53 8 65 63 36 74 43 88 56 95 48 66 51 44 29 61 76 86 90 95 31
32 70 37 63 14 25 99 8 85 11 99 50 89 1 96 20 32 1 66 61 26 12 5 69 36 0 74 78 60 16 5 92 56 19 39 68 90 6 94 95 30 11 58 31 36 61 8 71 53 43 87 54 26 84 74 20 42 71 20 12 48 63 86 54 5 60 35 18 33 79 18 91 36 77 100 20 98 51 58 18 44 71 37 46 29 29 12 13 93 31 14 23 17 28 75 21 52 78 54 75
63 1 81 66 74 24 33 26 67 64 23 72 10 50 11 36 1 76 52 72 54 41 14 93 59 74 0 61 6 80 81 41 44 88 51 69 13 97 25 5 92 11 66 68 10 33 86 25 24 75 9 21 26 72 100 45 37 81 69 89 7 35 17 74 35 27 38 47 55 87 46 1 40 27 80 20 84 79 50 29 95 81 19 37 30 65 52 57 73 69 51 10 53 97 39 77 88 60 67 43
18 18 95 37 2 90 46 55 82 90 17 6 31 7 38 70 87 28 84 76 68 59 48 22 83 78 61 0 97 94 70 49 79 22 31 75 52 25 97 79 99 41 27 85 73 57 88 9 78 13 44 27 62 45 36 9 30 11 82 97 53 80 91 86 74 63 25 85 12 67 30 29 37 58 77 11 80 28 92 14 76 90 85 87 42 89 48 27 28 94 45 22 80 59 77 48 64 90 89 5
80 94 23 37 53 4 80 93 22 54 71 67 15 8 30 91 42 98 16 21 55 2 32 46 62 60 6 97 0 42 40 101 66 9 51 94 79 59 7 83 82 33 34 66 38 19 10 50 24 2 99 96 22 70 30 86 17 33 41 81 80 99 83 4 77 65 12 79 19 73 8 84 23 58 48 27 100 53 71 34 13 61 69 26 34 71 88 31 43 93 100 99 33 36 25 78 33 58 6 49
55 49 65 51 59 34 35 26 75 76 17 22 19 85 36 83 87 65 66 63 40 29 27 93 18 16 80 94 42 0 19 54 16 9 6 69 50 89 100 65 33 42 41 62 86 3 19 98 53 39 7 22 33 33 29 5 38 78 87 53 33 39 47 6 82 94 20 58 51 86 36 32 62 41 29 42 57 96 71 100 80 85 100 70 30 46 88 73 23 43 19 12 67 81 69 25 9 97 64 73
90 57 49 89 67 40 60 68 78 89 13 24 27 50 100 73 60 89 11 59 41 72 50 52 19 5 81 70 40 19 0 44 33 98 15 59 20 3 17 44 86 6 6 94 80 49 67 77 24 37 69 61 29 57 61 15 12 89 26 24 49 46 23 72 99 68 22 39 42 25 65 43 29 46 77 76 47 85 85 23 49 18 42 18 16 64 68 74 71 59 21 51 29 39 34 53 86 18 25 74
57 93 84 75 92 87 73 19 92 82 75 98 100 1 82 18 79 70 39 29 50 8 73 57 89 92 41 49 101 54 44 0 7 71 51 15 35 61 4 46 76 65 100 76 26 13 44 18 66 91 49 33 38 1 12 20 69 45 91 29 39 78 86 86 76 18 88 79 101 16 80 16 31 93 35 54 101 13 46 60 67 66 85 20 51 62 66 31 15 4 6 73 94 36 28 70 5 94 90 19
65 34 63 101 93 67 3 28 27 29 8 98 6 15 15 37 61 89 94 55 83 9 67 43 98 56 44 79 66 16 33 7 0 71 86 86 16 31 3 88 39 98 16 87 84 41 68 12 44 43 52 97 51 35 69 99 70 72 48 6 1 37 88 16 93 9 25 21 53 70 11 13 48 8 9 94 70 83 93 66 37 71 101 85 65 20 53 51 49 69 91 85 87 6 14 56 84 98 82 84
59 42 27 79 31 20 92 62 30 34 64 4 8 100 98 70 71 45 70 76 93 77 83 44 42 19 88 22 9 9 98 71 71 0 24 85 10 40 46 40 85 72 7 62 81 64 11 74 70 45 18 87 99 73 53 97 99 26 56 95 53 15 32 5 63 59 47 65 47 83 46 68 72 32 41 96 28 51 45 81 36 15 30 30 70 17 14 24 95 90 21 33 76 19 10 18 46 2 46 51
84 25 43 52 87 69 53 73 45 31 84 84 18 46 15 70 67 52 2 78 17 52 42 66 63 39 51 31 51 6 15 51 86 24 0 9 4 40 61 92 38 49 70 86 23 41 92 95 47 69 15 75 94 77 47 2 5 19 45 97 5 78 18 2 20 70 67 73 82 52 92 42 47 83 53 39 34 39 29 80 49 98 86 60 90 91 29 47 12 28 9 97 82 4 96 38 70 25 90 80
81 11 63 60 74 49 11 49 8 95 30 94 90 50 5 65 34 21 9 57 19 69 34 32 4 68 69 75 94 69 59 15 86 85 9 0 94 60 18 69 56 25 48 53 46 2 16 88 74 10 74 44 101 66 82 2 98 57 80 2 66 84 33 62 55 48 2 12 31 2 9 80 19 21 10 97 98 72 23 80 69 10 66 3 6 41 7 8 6 25 94 95 50 71 39 57 95 80 95 52
17 67 7 93 74 36 97 24 2 46 82 38 87 72 24 37 97 3 11 62 72 58 76 42 101 90 13 52 79 50 20 35 16 10 4 94 0 83 16 46 59 25 48 21 57 37 44 18 84 80 79 35 39 77 49 7 20 55 3 11 37 31 37 86 67 75 14 11 68 78 46 48 56 81 47 77 3 29 76 87 82 55 64 80 2 4 10 25 94 65 68 78 10 34 13 25 97 3 76 4
87 83 81 65 43 14 4 63 1 12 47 34 72 73 67 74 42 78 37 88 82 88 39 16 11 6 97 25 59 89 3 61 31 40 40 60 83 0 37 5 79 72 46 61 15 2 77 33 85 67 89 32 53 19 42 85 15 82 94 60 7 39 47 49 20 32 63 9 63 62 91 56 28 14 96 15 47 95 45 88 97 76 3 21 100 54 25 19 14 56 29 40 6 22 9 7 28 49 51 7
81 100 90 87 82 19 87 11 45 50 24 97 60 64 36 78 55 86 72 75 85 51 63 13 69 94 25 97 7 100 17 4 3 46 61 18 16 37 0 98 34 93 60 17 97 51 5 100 92 96 76 75 96 80 64 74 6 14 30 74 68 37 57 1 93 49 94 2 75 38 43 42 40 14 99 14 19 95 38 56 30 47 83 36 38 62 30 26 33 81 1 34 95 64 60 96 89 19 50 77
31 36 28 87 72 22 57 98 54 10 33 1 97 15 20 50 39 76 13 7 93 7 77 100 99 95 5 79 83 65 44 46 88 40 92 69 46 5 98 0 67 62 95 72 94 27 72 24 54 32 75 99 43 63 85 85 83 89 37 80 65 24 54 76 86 39 4 31 61 2 60 90 92 92 45 2 30 29 101 56 70 39 43 70 25 74 27 33 52 54 11 70 85 24 68 62 17 1 73 7
53 80 62 90 76 52 87 49 93 41 20 11 59 83 9 10 5 17 4 85 83 41 2 24 87 30 92 99 82 33 86 76 39 85 38 56 59 79 34 67 0 16 83 34 44 69 78 66 44 86 68 39 37 81 71 60 25 93 12 94 7 80 25 80 70 71 98 52 55 92 64 48 50 15 34 24 91 3 91 75 47 72 83 68 5 83 50 48 101 50 89 65 31 86 14 43 51 70 95 51
32 38 42 11 53 96 26 68 53 62 5 97 49 46 80 34 35 6 40 57 11 26 14 83 47 11 11 41 33 42 6 65 98 72 49 25 25 72 93 62 16 0 77 22 91 101 11 88 99 33 9 57 85 13 48 73 74 75 59 54 13 40 23 73 46 31 82 40 82 12 36 12 21 8 1 62 17 71 86 6 23 82 28 99 84 80 58 100 7 51 12 77 69 14 25 82 37 24 97 66
91 43 48 89 6 25 39 12 18 70 4 48 89 44 81 84 75 68 6 99 42 49 73 68 39 58 66 27 34 41 6 100 16 7 70 48 48 46 60 95 83 77 0 61 27 37 65 26 5 82 10 101 62 1 49 91 69 52 20 73 22 34 5 83 93 3 74 60 24 70 81 94 63 41 88 72 59 70 45 64 75 38 55 92 34 55 61 95 24 35 101 31 39 7 47 76 18 83 91 6
74 69 40 52 45 20 66 79 93 12 39 30 59 52 96 79 14 27 91 58 47 96 82 43 66 31 68 85 66 62 94 76 87 62 86 53 21 61 17 72 34 22 61 0 54 92 20 43 64 46 60 10 62 17 83 87 63 52 50 18 79 75 15 9 46 52 85 18 93 61 6 9 16 50 11 24 16 12 71 18 96 44 34 57 12 41 29 83 40 35 59 80 31 44 77 90 89 81 75 47
61 101 76 96 47 47 87 95 81 18 96 98 100 15 78 40 77 56 41 89 42 23 12 21 35 36 10 73 38 86 80 26 84 81 23 46 57 15 97 94 44 91 27 54 0 57 53 57 32 41 100 18 93 100 23 9 11 94 2 78 98 38 94 81 72 80 46 7 45 11 37 74 61 58 7 22 89 47 31 76 9 37 47 56 53 85 100 41 58 51 19 6 39 7 57 71 22 21 69 90
29 8 64 7 75 1 64 77 4 23 67 3 7 24 9 92 24 15 63 44 23 8 87 42 5 61 33 57 19 3 49 13 41 64 41 2 37 2 51 27 69 101 37 92 57 0 69 57 47 54 32 39 21 88 23 75 35 42 50 81 49 71 22 12 30 16 40 26 99 56 13 31 14 58 99 74 31 56 2 73 49 96 56 98 62 21 55 6 93 47 10 56 9 75 32 81 6 51 100 68
45 56 63 23 22 11 67 6 18 10 34 42 96 45 31 52 83 68 34 36 101 92 96 27 12 8 86 88 10 19 67 44 68 11 92 16 44 77 5 72 78 11 65 20 53 69 0 44 59 89 50 67 68 10 40 86 66 83 20 93 31 19 75 11 12 40 67 94 70 9 71 32 58 39 55 37 5 19 54 14 87 57 49 24 68 75 65 100 95 44 79 1 2 24 50 38 86 68 40 81
37 81 38 83 95 45 40 2 41 16 29 93 24 14 58 38 66 23 99 72 78 57 60 51 5 71 25 9 50 98 77 18 12 74 95 88 18 33 100 24 66 88 26 43 57 57 44 0 1 30 25 30 26 94 88 32 52 26 39 13 41 87 95 54 60 50 62 54 87 30 46 80 11 39 14 96 92 65 35 84 38 47 21 4 37 22 59 5 1 85 80 71 67 4 52 46 54 6 89 67
95 72 48 11 13 43 71 94 11 31 87 77 37 58 83 62 38 26 30 64 78 74 18 86 12 53 24 78 24 53 24 66 44 70 47 74 84 85 92 54 44 99 5 64 32 47 59 1 0 70 52 97 100 18 80 1 22 61 80 89 80 99 36 49 37 16 36 3 63 54 32 20 67 19 34 65 78 71 31 23 50 37 25 67 8 8 2 29 9 39 54 87 70 3 74 50 23 63 91 98
33 44 62 10 40 45 94 85 100 66 18 9 19 38 29 101 76 30 45 37 13 25 59 88 101 43 75 13 2 39 37 91 43 45 69 10 80 67 96 32 86 33 82 46 41 54 89 30 70 0 28 55 88 53 2 67 90 67 39 83 76 31 47 21 83 40 65 16 24 90 46 95 33 79 75 97 64 96 57 56 7 23 13 62 35 1 91 101 21 27 20 94 41 12 66 61 6 8 40 70
66 56 84 5 43 36 4 18 32 82 72 92 68 50 100 31 98 11 17 40 6 100 68 35 64 87 9 44 99 7 69 49 52 18 15 74 79 89 76 75 68 9 10 60 100 32 50 25 52 28 0 13 7 33 48 47 4 72 2 63 8 59 82 2 88 97 24 75 86 41 39 70 62 33 66 97 87 14 33 16 68 83 13 1 23 83 17 5 2 12 69 72 13 15 75 73 46 40 83 40
97 34 10 16 70 59 64 85 26 75 43 21 7 76 49 30 14 72 8 42 73 65 35 94 15 54 21 27 96 22 61 33 97 87 75 44 35 32 75 99 39 57 101 10 18 39 67 30 97 55 13 0 17 27 36 13 93 82 7 69 74 91 93 76 99 101 27 3 87 75 67 61 8 8 10 40 98 99 63 1 18 48 40 50 69 61 59 95 67 3 57 84 77 91 11 52 27 25 53 22
51 60 82 62 18 98 13 78 32 8 36 22 32 66 34 101 25 57 55 95 74 77 58 61 79 26 26 62 22 33 29 38 51 99 94 101 39 53 96 43 37 85 62 62 93 21 68 26 100 88 7 17 0 45 88 73 82 78 17 65 3 78 96 5 16 53 79 76 71 99 57 68 71 50 83 50 65 19 21 1 20 41 57 80 70 6 12 1 95 5 20 38 20 100 60 58 63 15 8 5
97 47 11 99 85 8 85 64 25 71 101 49 87 20 39 17 3 62 34 45 93 37 39 89 68 84 72 45 70 33 57 1 35 73 77 66 77 19 80 63 81 13 1 17 100 88 10 94 18 53 33 27 45 0 8 21 49 42 87 97 82 73 13 40 6 18 14 45 78 4 101 61 9 59 64 14 88 55 4 9 65 9 66 74 91 21 62 48 76 8 33 98 59 68 27 39 30 46 21 49
69 52 30 100 19 29 41 2 61 53 61 95 62 19 84 92 79 101 28 88 25 41 67 68 58 74 100 36 30 29 61 12 69 53 47 82 49 42 64 85 71 48 49 83 23 23 40 88 80 2 48 36 88 8 0 61 99 56 22 33 69 59 86 50 61 43 66 66 16 86 95 82 57 73 35 89 7 1 87 79 35 69 59 43 52 92 66 49 15 94 101 86 58 80 6 87 26 16 33 22
3 35 89 29 77 79 91 62 29 64 99 38 88 71 27 85 44 27 96 5 91 81 54 90 65 20 45 9 86 5 15 20 99 97 2 2 7 85 74 85 60 73 91 87 9 75 86 32 1 67 47 13 73 21 61 0 40 29 97 62 49 98 82 99 2 36 66 6 44 78 19 55 31 6 53 101 18 75 2 86 19 54 56 89 21 43 56 32 29 10 82 56 84 52 45 25 21 42 47 42
91 93 85 55 94 44 20 15 63 52 69 21 29 70 93 15 20 40 53 80 41 61 20 93 15 42 37 30 17 38 12 69 70 99 5 98 20 15 6 83 25 74 69 63 11 35 66 52 22 90 4 93 82 49 99 40 0 99 75 77 96 70 6 67 2 54 47 9 16 7 91 53 6 67 17 27 56 93 71 17 44 78 90 5 20 28 1 53 96 87 32 71 93 2 16 69 41 36 41 61
14 22 59 73 62 19 67 65 82 69 20 30 88 58 39 25 79 67 53 24 46 65 13 68 100 71 81 11 33 78 89 45 72 26 19 57 55 82 14 89 93 75 52 52 94 42 83 26 61 67 72 82 78 42 56 29 99 0 86 79 9 5 75 25 24 95 63 40 37 94 79 100 87 14 98 52 66 98 7 36 79 80 80 44 3 17 49 69 6 99 83 15 42 39 1 52 79 25 88 61
86 92 42 53 85 33 51 30 72 93 29 21 51 12 61 23 99 34 18 72 82 98 9 7 42 20 69 82 41 87 26 91 48 56 45 80 3 94 30 37 12 59 20 50 2 50 20 39 80 39 2 7 17 87 22 97 75 86 0 47 45 34 98 2 38 79 43 3 101 79 13 55 25 63 9 7 72 41 37 25 58 97 60 63 26 9 73 17 70 63 63 1 86 13 35 23 76 12 68 48
80 49 98 19 75 23 89 38 1 101 4 66 45 86 93 12 29 13 95 59 60 17 80 5 55 12 89 97 81 53 24 29 6 95 97 2 11 60 74 80 94 54 73 18 78 81 93 13 89 83 63 69 65 97 33 62 77 79 47 0 8 101 81 20 91 79 35 36 36 84 34 85 99 17 38 97 98 21 48 53 49 62 100 87 8 92 85 38 85 30 63 64 21 96 50 45 20 4 36 91
10 48 52 76 62 39 64 97 40 90 90 51 20 87 24 78 26 59 60 85 92 3 60 87 45 48 7 53 80 33 49 39 1 53 5 66 37 7 68 65 7 13 22 79 98 49 31 41 80 76 8 74 3 82 69 49 96 9 45 8 0 17 35 64 17 91 33 80 58 60 68 33 69 97 37 45 98 44 31 59 99 31 29 26 27 34 80 83 100 99 81 54 33 93 66 60 22 34 8 11
55 81 2 69 58 20 25 55 5 81 69 27 97 93 70 67 101 79 101 92 87 6 72 84 100 63 35 80 99 39 46 78 37 15 78 84 31 39 37 24 80 40 34 75 38 71 19 87 99 31 59 91 78 73 59 98 70 5 34 101 17 0 28 49 63 27 43 28 41 47 65 3 48 81 24 72 8 52 74 4 57 90 66 33 96 71 76 22 88 5 27 99 81 5 58 14 99 34 50 82
5 41 36 58 44 15 67 21 93 2 68 24 84 12 72 2 62 11 94 21 42 29 65 34 72 86 17 91 83 47 23 86 88 32 18 33 37 47 57 54 25 23 5 15 94 22 75 95 36 47 82 93 96 13 86 82 6 75 98 81 35 28 0 82 82 20 82 19 99 85 2 31 100 40 93 83 82 59 100 4 25 62 82 32 90 84 101 47 89 66 64 35 17 66 100 11 59 90 68 69
81 84 78 53 68 65 87 55 10 98 79 20 23 28 93 59 9 45 96 100 70 42 15 73 35 54 74 86 4 6 72 86 16 5 2 62 86 49 1 76 80 73 83 9 81 12 11 54 49 21 2 76 5 40 50 99 67 25 2 20 64 49 82 0 38 24 96 34 33 91 99 94 19 96 38 81 82 101 88 36 50 78 76 53 11 12 81 65 89 89 5 13 40 89 94 6 95 5 62 53
65 8 51 86 31 93 94 98 60 73 78 34 70 49 45 55 55 25 46 76 40 85 99 70 19 5 35 74 77 82 99 76 93 63 20 55 67 20 93 86 70 46 93 46 72 30 12 60 37 83 88 99 16 6 61 2 2 24 38 91 17 63 82 38 0 99 6 73 97 17 19 101 34 68 51 98 1 29 50 61 2 85 88 60 41 76 80 81 29 76 56 34 16 81 54 68 71 84 44 20
19 17 45 71 4 51 85 44 99 10 2 42 69 7 54 28 11 85 78 32 48 26 43 85 74 60 27 63 65 94 68 18 9 59 70 48 75 32 49 39 71 31 3 52 80 16 40 50 16 40 97 101 53 18 43 36 54 95 79 79 91 27 20 24 99 0 35 51 75 69 88 92 67 34 86 16 50 98 33 50 36 50 41 93 30 12 44 10 30 6 91 71 20 59 83 46 44 44 5 78
94 57 85 95 77 59 20 36 83 77 6 87 3 83 81 76 7 8 41 71 80 88 19 7 57 35 38 25 12 20 22 88 25 47 67 2 14 63 94 4 98 82 74 85 46 40 67 62 36 65 24 27 79 14 66 66 47 63 43 35 33 43 82 96 6 35 0 68 50 60 26 27 40 48 77 82 46 26 25 10 81 7 11 17 56 77 97 68 70 69 46 63 25 90 70 35 100 6 84 83
32 6 97 96 10 77 33 77 46 94 56 84 46 54 62 72 69 67 72 47 38 4 38 65 98 18 47 85 79 58 39 79 21 65 73 12 11 9 2 31 52 40 60 18 7 26 94 54 3 16 75 3 76 45 66 6 9 40 3 36 80 28 19 34 73 51 68 0 40 82 14 54 13 79 4 63 27 78 27 95 32 4 68 44 29 52 61 91 67 18 29 3 78 44 46 4 58 41 25 39
37 75 77 79 87 63 12 88 87 92 77 30 88 60 61 10 77 13 101 94 22 23 76 80 65 33 55 12 19 51 42 101 53 47 82 31 68 63 75 61 55 82 24 93 45 99 70 87 63 24 86 87 71 78 16 44 16 37 101 36 58 41 99 33 97 75 50 40 0 15 23 46 22 26 25 83 68 24 89 86 52 65 46 1 50 10 94 11 99 12 26 87 15 49 94 17 31 50 29 101
1 86 86 78 8 36 34 63 1 24 21 96 81 89 60 27 29 33 61 66 27 41 98 51 25 79 87 67 73 86 25 16 70 83 52 2 78 62 38 2 92 12 70 61 11 56 9 30 54 90 41 75 99 4 86 78 7 94 79 84 60 47 85 91 17 69 60 82 15 0 48 63 93 8 35 34 75 8 87 97 62 33 100 89 93 54 49 98 80 34 93 45 5 22 16 97 88 10 64 76
49 66 41 58 50 63 23 78 33 2 83 76 68 72 23 59 89 87 98 62 78 38 30 98 22 18 46 30 8 36 65 80 11 46 92 9 46 91 43 60 64 36 81 6 37 13 71 46 32 46 39 67 57 101 95 19 91 79 13 34 68 65 2 99 19 88 26 14 23 48 0 72 75 6 93 43 61 83 72 25 3 75 28 4 36 37 17 97 81 57 72 10 92 5 56 55 24 91 34 40
31 3 5 97 27 1 25 54 15 58 42 13 20 61 77 23 54 26 5 93 49 31 7 43 3 91 1 29 84 32 43 16 13 68 42 80 48 56 42 90 48 12 94 9 74 31 32 80 20 95 70 61 68 61 82 55 53 100 55 85 33 3 31 94 101 92 27 54 46 63 72 0 51 18 27 80 80 46 27 20 73 89 26 27 101 23 50 20 20 39 10 93 85 27 48 35 56 54 4 65
90 62 18 55 88 75 47 44 71 22 2 49 3 77 65 72 78 35 94 76 88 49 95 38 12 36 40 37 23 62 29 31 48 72 47 19 56 28 40 92 50 21 63 16 61 14 58 11 67 33 62 8 71 9 57 31 6 87 25 99 69 48 100 19 34 67 40 13 22 93 75 51 0 81 58 89 48 50 99 6 24 52 3 72 44 84 89 12 12 85 89 56 86 71 22 65 85 25 77 6
61 59 22 26 47 94 2 94 16 14 81 83 93 97 3 76 32 56 11 78 92 7 44 88 93 77 27 58 58 41 46 93 8 32 83 21 81 14 14 92 15 8 41 50 58 58 39 39 19 79 33 8 50 59 73 6 67 14 63 17 97 81 40 96 68 34 48 79 26 8 6 18 81 0 62 9 39 19 57 91 29 23 79 58 16 46 84 7 72 60 54 70 66 1 35 38 71 16 19 28
4 60 77 100 9 92 86 97 36 47 100 99 24 21 5 98 20 13 95 25 40 13 18 94 32 100 80 77 48 29 77 35 9 41 53 10 47 96 99 45 34 1 88 11 7 99 55 14 34 75 66 10 83 64 35 53 17 98 9 38 37 24 93 38 51 86 77 4 25 35 93 27 58 62 0 97 48 33 97 12 91 27 89 28 53 73 1 97 5 44 19 80 86 59 10 88 72 97 73 84
53 63 8 71 7 1 94 44 1 64 17 38 4 28 8 44 19 36 23 40 20 59 41 43 13 20 20 11 27 42 76 54 94 96 39 97 77 15 14 2 24 62 72 24 22 74 37 96 65 97 97 40 50 14 89 101 27 52 7 97 45 72 83 81 98 16 82 63 83 34 43 80 89 9 97 0 77 23 57 45 97 18 92 41 84 36 33 75 86 58 81 61 69 57 15 95 93 44 70 74
36 65 65 55 42 79 5 60 83 58 28 63 37 3 84 58 29 84 32 100 86 87 63 69 30 98 84 80 100 57 47 101 70 28 34 98 3 47 19 30 91 17 59 16 89 31 5 92 78 64 87 98 65 88 7 18 56 66 72 98 98 8 82 82 1 50 46 27 68 75 61 80 48 39 48 77 0 54 91 85 53 75 97 40 39 37 38 91 72 81 35 89 73 45 58 90 42 95 30 61
59 43 37 39 61 54 65 62 52 80 82 85 30 24 93 34 61 44 78 45 62 12 90 47 101 51 79 28 53 96 85 13 83 51 39 72 29 95 95 29 3 71 70 12 47 56 19 65 71 96 14 99 19 55 1 75 93 98 41 21 44 52 59 101 29 98 26 78 24 8 83 46 50 19 33 23 54 0 56 19 33 51 80 52 5 28 87 75 52 56 97 52 101 60 26 64 89 34 98 73
40 92 81 101 3 66 92 30 11 18 52 81 95 25 78 86 85 68 42 18 50 63 88 82 61 58 50 92 71 71 85 46 93 45 29 23 76 45 38 101 91 86 45 71 31 2 54 35 31 57 33 63 21 4 87 2 71 7 37 48 31 74 100 88 50 33 25 27 89 87 72 27 99 57 97 57 91 56 0 64 11 5 45 13 28 2 35 53 28 4 33 52 43 94 29 52 28 69 100 84
22 74 31 52 3 18 23 2 93 81 99 85 22 23 66 46 7 38 76 3 63 43 28 72 53 18 29 14 34 100 23 60 66 81 80 80 87 88 56 56 75 6 64 18 76 73 14 84 23 56 16 1 1 9 79 86 17 36 25 53 59 4 4 36 61 50 10 95 86 97 25 20 6 91 12 45 85 19 64 0 85 44 48 101 22 91 35 93 4 90 88 38 99 57 71 97 54 47 9 89
51 24 16 58 65 17 36 99 28 68 22 99 61 41 29 34 21 23 93 101 81 13 57 62 8 44 95 76 13 80 49 67 37 36 49 69 82 97 30 70 47 23 75 96 9 49 87 38 50 7 68 18 20 65 35 19 44 79 58 49 99 57 25 50 2 36 81 32 52 62 3 73 24 29 91 97 53 33 11 85 0 53 85 5 92 4 92 36 99 73 99 88 91 20 36 27 45 33 77 82
92 88 46 87 67 74 5 19 35 34 19 69 37 100 43 28 16 9 55 22 47 99 10 5 65 71 81 90 61 85 18 66 71 15 98 10 55 76 47 39 72 82 38 44 37 96 57 47 37 23 83 48 41 9 69 54 78 80 97 62 31 90 62 78 85 50 7 4 65 33 75 89 52 23 27 18 75 51 5 44 53 0 97 88 78 74 16 36 20 46 29 44 71 32 4 5 31 94 31 59
83 67 67 79 17 57 79 19 69 12 88 78 64 72 49 12 45 70 4 87 29 72 76 12 63 37 19 85 69 100 42 85 101 30 86 66 64 3 83 43 83 28 55 34 47 56 49 21 25 13 13 40 57 66 59 56 90 80 60 100 29 66 82 76 88 41 11 68 46 100 28 26 3 79 89 92 97 80 45 48 85 97 0 18 58 58 38 1 34 27 5 86 90 29 22 42 54 74 85 11
95 98 12 43 21 50 79 20 90 94 43 8 83 58 35 5 70 78 81 76 32 101 38 92 36 46 37 87 26 70 18 20 85 30 60 3 80 21 36 70 68 99 92 57 56 98 24 4 67 62 1 50 80 74 43 89 5 44 63 87 26 33 32 53 60 93 17 44 1 89 4 27 72 58 28 41 40 52 13 101 5 88 18 0 4 54 63 75 67 60 9 86 87 61 34 80 72 27 49 81
31 91 15 14 88 99 31 97 11 76 5 48 14 52 88 82 38 7 87 52 52 14 101 13 74 29 30 42 34 30 16 51 65 70 90 6 2 100 38 25 5 84 34 12 53 62 68 37 8 35 23 69 70 91 52 21 20 3 26 8 27 96 90 11 41 30 56 29 50 93 36 101 44 16 53 84 39 5 28 22 92 78 58 4 0 45 88 8 45 95 90 49 9 39 84 81 29 85 92 15
81 54 50 19 99 29 30 15 89 91 19 25 77 97 47 86 78 99 17 74 25 83 57 64 43 29 65 89 71 46 64 62 20 17 91 41 4 54 62 74 83 80 55 41 85 21 75 22 8 1 83 61 6 21 92 43 28 17 9 92 34 71 84 12 76 12 77 52 10 54 37 23 84 46 73 36 37 28 2 91 4 74 58 54 45 0 13 54 60 63 15 92 34 95 78 85 65 37 84 45
6 78 19 89 29 44 70 79 100 11 10 24 7 90 2 63 35 93 14 73 77 31 16 57 88 12 52 48 88 88 68 66 53 14 29 7 10 25 30 27 50 58 61 29 100 55 65 59 2 91 17 59 12 62 66 56 1 49 73 85 80 76 101 81 80 44 97 61 94 49 17 50 89 84 1 33 38 87 35 35 92 16 38 63 88 13 0 40 94 48 85 9 50 18 45 36 82 94 50 35
74 69 21 28 64 96 3 95 7 62 97 28 7 30 80 7 101 77 59 22 14 88 5 23 56 13 57 27 31 73 74 31 51 24 47 8 25 19 26 33 48 100 95 83 41 6 100 5 29 101 5 95 1 48 49 32 53 69 17 38 83 22 47 65 81 10 68 91 11 98 97 20 12 7 97 75 91 75 53 93 36 36 1 75 8 54 40 0 82 17 75 31 90 53 31 34 20 47 59 53
40 39 26 32 30 33 13 34 71 60 44 76 15 93 91 21 58 18 47 20 34 91 87 91 95 93 73 28 43 23 71 15 49 95 12 6 94 14 33 52 101 7 24 40 58 93 95 1 9 21 2 67 95 76 15 29 96 6 70 85 100 88 89 89 29 30 70 67 99 80 81 20 12 72 5 86 72 52 28 4 99 20 34 67 45 60 94 82 0 12 36 27 41 43 81 24 70 47 82 19
40 86 95 88 28 15 62 68 37 18 7 65 75 76 31 69 96 31 34 44 27 80 35 74 48 31 69 94 93 43 59 4 69 90 28 25 65 56 81 54 50 51 35 35 51 47 44 85 39 27 12 3 5 8 94 10 87 99 63 30 99 5 66 89 76 6 69 18 12 34 57 39 85 60 44 58 81 56 4 90 73 46 27 60 95 63 48 17 12 0 4 40 73 37 78 14 60 2 4 84
17 86 16 3 86 6 65 100 55 72 51 32 92 16 31 16 71 101 45 41 46 30 39 41 66 14 51 45 100 19 21 6 91 21 9 94 68 29 1 11 89 12 101 59 19 10 79 80 54 20 69 57 20 33 101 82 32 83 63 63 81 27 64 5 56 91 46 29 26 93 72 10 89 54 19 81 35 97 33 88 99 29 5 9 90 15 85 75 36 4 0 58 31 45 63 6 2 82 4 19
101 97 55 93 44 89 13 12 37 26 55 78 35 95 90 54 19 66 74 10 94 70 59 19 51 23 10 22 99 12 51 73 85 33 97 95 78 40 34 70 65 77 31 80 6 56 1 71 87 94 72 84 38 98 86 56 71 15 1 64 54 99 35 13 34 71 63 3 87 45 10 93 56 70 80 61 89 52 52 38 88 44 86 86 49 92 9 31 27 40 58 0 97 59 7 49 88 37 13 67
15 93 13 52 91 94 34 13 94 70 18 51 34 46 72 36 94 8 69 39 60 67 62 96 44 17 53 80 33 67 29 94 87 76 82 50 10 6 95 85 31 69 39 31 39 9 2 67 70 41 13 77 20 59 58 84 93 42 86 21 33 81 17 40 16 20 25 78 15 5 92 85 86 66 86 69 73 101 43 99 91 71 90 87 9 34 50 90 41 73 31 97 0 13 82 54 36 49 16 34
49 8 21 26 4 83 97 53 3 45 45 40 80 69 95 6 20 64 39 73 43 77 31 54 29 28 97 59 36 81 39 36 6 19 4 71 34 22 64 24 86 14 7 44 7 75 24 4 3 12 15 91 100 68 80 52 2 39 13 96 93 5 66 89 81 59 90 44 49 22 5 27 71 1 59 57 45 60 94 57 20 32 29 61 39 95 18 53 43 37 45 59 13 0 89 80 3 30 20 87
70 72 95 23 6 44 19 94 16 43 48 25 6 9 29 98 50 9 37 24 87 54 67 24 61 75 39 77 25 69 34 28 14 10 96 39 13 9 60 68 14 25 47 77 57 32 50 52 74 66 75 11 60 27 6 45 16 1 35 50 66 58 100 94 54 83 70 46 94 16 56 48 22 35 10 15 58 26 29 71 36 4 22 34 84 78 45 31 81 78 63 7 82 89 0 18 77 30 76 90
38 49 26 37 54 92 100 87 20 88 54 15 74 86 4 35 96 51 81 79 74 5 79 98 76 21 77 48 78 25 53 70 56 18 38 57 25 7 96 62 43 82 76 90 71 81 38 46 50 61 73 52 58 39 87 25 69 52 23 45 60 14 11 6 68 46 35 4 17 97 55 35 65 38 88 95 90 64 52 97 27 5 42 80 81 85 36 34 24 14 6 49 54 80 18 0 54 3 46 52
44 43 18 93 13 73 82 67 1 76 2 30 58 6 21 45 81 95 33 16 22 53 16 33 86 52 88 64 33 9 86 5 84 46 70 95 97 28 89 17 51 37 18 89 22 6 86 54 23 6 46 27 63 30 26 21 41 79 76 20 22 99 59 95 71 44 100 58 31 88 24 56 85 71 72 93 42 89 28 54 45 31 54 72 29 65 82 20 70 60 2 88 36 3 77 54 0 16 16 27
50 83 20 3 56 18 45 49 101 64 60 53 100 66 42 49 19 33 55 100 18 99 15 45 90 78 60 90 58 97 18 94 98 2 25 80 3 49 19 1 70 24 83 81 21 51 68 6 63 8 40 25 15 46 16 42 36 25 12 4 34 34 90 5 84 44 6 41 50 10 91 54 25 16 97 44 95 34 69 47 33 94 74 27 85 37 94 47 47 2 82 37 49 30 30 3 16 0 68 72
50 79 31 18 26 66 66 36 100 35 59 58 44 48 58 25 51 37 24 32 77 38 90 51 95 54 67 89 6 64 25 90 82 46 90 95 76 51 50 73 95 97 91 75 69 100 40 89 91 40 83 53 8 21 33 47 41 88 68 36 8 50 68 62 44 5 84 25 29 64 34 4 77 19 73 70 30 98 100 9 77 31 85 49 92 84 50 59 82 4 4 13 16 20 76 46 16 68 0 63
49 36 25 74 97 63 38 49 40 31 79 37 62 17 99 85 58 73 97 18 72 15 70 44 31 75 43 5 49 73 74 19 84 51 80 52 4 7 77 7 51 66 6 47 90 68 81 67 98 70 40 22 5 49 22 42 61 61 48 91 11 82 69 53 20 78 83 39 101 76 40 65 6 28 84 74 61 73 84 89 82 59 11 81 15 45 35 53 19 84 19 67 34 87 90 52 27 72 63 0
