0 62 66 52 83 42 33 51 52 27 78 27 79 41 36 101 85 96 21
62 0 22 33 68 59 94 52 97 42 63 58 58 83 63 38 59 62 34
66 22 0 56 35 21 31 8 70 19 73 43 14 26 76 13 44 2 18
52 33 56 0 51 59 80 51 39 72 31 40 59 52 82 10 75 56 12
83 68 35 51 0 21 86 4 91 46 69 40 26 54 47 95 24 1 101
42 59 21 59 21 0 16 27 50 7 77 98 79 52 45 41 3 64 58
33 94 31 80 86 16 0 46 89 8 34 10 85 56 40 81 59 15 6
51 52 8 51 4 27 46 0 58 91 65 84 29 53 91 34 64 13 55
52 97 70 39 91 50 89 58 0 61 74 21 25 76 24 60 83 72 92
27 42 19 72 46 7 8 91 61 0 95 12 89 62 50 1 91 34 90
78 63 73 31 69 77 34 65 74 95 0 8 62 11 36 24 97 17 89
27 58 43 40 40 98 10 84 21 12 8 0 58 7 67 27 38 99 67
79 58 14 59 26 79 85 29 25 89 62 58 0 5 90 91 25 96 12
41 83 26 52 54 52 56 53 76 62 11 7 5 0 38 24 6 44 59
36 63 76 82 47 45 40 91 24 50 36 67 90 38 0 17 79 64 29
101 38 13 10 95 41 81 34 60 1 24 27 91 24 17 0 31 83 19
85 59 44 75 24 3 59 64 83 91 97 38 25 6 79 31 0 70 19
96 62 2 56 1 64 15 13 72 34 17 99 96 44 64 83 70 0 2
21 34 18 12 101 58 6 55 92 90 89 67 12 59 29 19 19 2 0
