0 49 90 44 42 97 98 75 32 93 1 37 96 51 24 48 93 48 54 44 1 38 89 56 2 7 87 66 41 51 97 63 65 16 31 5 93 82 50 65 32 47 7 43 25 54 82 48 58 8 74 53 3 81 65 83 13 87 93 31 7 93 87 19 97 24 80 13 82 24 89 20 58 87 28 48 59 6 53 91 72 2 30 54 8 82 45 92 86 8 38 78 98 77 84 68 86 34 16 76 57 84 80 70 53 25 91 75 25 72 27 48 12 23 62 33 27 81 13 13 89 13 7 90 89 39 11 85 101 90 84 23 74 53 11 69 98 77 20 67 56 97 47 75 8 37 12 17 13 60
49 0 101 9 11 101 66 27 87 84 65 99 23 24 34 56 99 19 65 16 10 27 9 88 70 66 21 52 87 40 25 36 16 75 14 101 3 22 61 97 76 35 32 72 20 3 10 19 59 26 65 38 13 81 12 57 94 99 83 26 49 42 98 41 14 35 97 86 49 28 72 22 58 88 97 12 53 41 1 11 39 1 36 96 2 50 83 8 67 85 24 32 18 5 53 84 17 50 58 70 47 23 13 71 60 69 87 41 89 25 101 16 77 67 81 82 9 59 74 87 92 10 60 6 11 24 1 71 50 71 48 28 64 36 36 66 87 74 60 29 10 43 21 40 83 87 86 15 59 56
90 101 0 54 87 54 74 99 19 67 61 52 31 55 81 78 90 34 38 18 17 40 99 87 90 69 40 30 77 69 79 24 86 51 31 73 12 61 21 67 51 36 15 59 19 38 28 74 37 53 24 84 61 33 45 7 15 59 2 35 54 19 94 22 2 26 8 31 22 19 90 93 47 32 44 37 70 71 58 50 77 20 7 25 44 48 101 27 43 37 4 66 19 75 9 24 50 1 36 40 51 69 57 36 64 66 67 30 55 18 22 50 52 10 21 59 82 68 38 22 43 91 90 62 4 55 24 79 11 81 43 58 18 90 39 60 92 25 66 45 75 48 25 26 3 35 89 37 91 17
44 9 54 0 89 15 68 81 99 44 59 9 62 44 66 46 88 30 46 69 82 16 68 32 21 1 27 15 30 93 26 75 34 60 101 69 47 51 77 23 9 65 95 79 54 56 10 16 12 36 16 25 33 13 42 68 23 76 59 33 12 1 8 5 35 97 21 67 13 87 64 22 87 26 47 40 62 24 50 5 80 66 3 36 26 85 97 5 15 38 49 42 98 6 16 3 86 3 37 31 20 32 36 88 19 66 32 77 62 48 7 80 19 77 88 63 81 17 13 68 99 88 10 99 58 37 55 63 9 75 15 57 43 89 37 78 68 98 91 20 48 52 12 20 6 78 14 69 86 8
42 11 87 89 0 19 88 17 86 12 53 87 78 4 35 64 83 25 30 13 43 67 12 72 64 58 97 15 31 32 100 30 71 89 35 61 57 3 91 93 52 11 91 98 31 18 67 40 59 35 59 41 10 17 55 3 23 64 71 36 39 28 51 36 55 19 83 70 13 48 97 70 30 36 83 23 60 65 78 5 84 57 39 56 8 84 44 26 54 79 53 50 13 65 76 84 1 39 24 24 83 48 85 87 4 92 86 41 65 84 90 48 30 59 62 77 15 63 94 18 82 2 44 70 81 81 23 35 25 15 91 92 83 29 49 24 92 18 31 30 31 58 32 59 85 2 21 90 38 86
97 101 54 15 19 0 61 17 46 80 24 14 76 65 5 46 50 60 3 70 61 30 13 84 93 78 39 18 5 43 96 29 20 90 26 63 99 80 13 47 41 98 5 78 49 10 51 62 41 64 83 96 5 31 76 71 90 91 33 76 64 92 29 83 1 13 40 76 65 62 41 59 58 57 26 6 101 67 69 28 31 60 33 13 74 96 33 93 27 3 69 81 73 89 71 93 43 59 59 96 86 12 4 78 101 75 56 36 73 90 56 52 20 52 31 58 97 62 1 12 95 95 58 75 49 1 94 66 8 86 64 62 33 68 64 38 97 54 98 81 85 29 74 6 41 5 60 95 27 67
98 66 74 68 88 61 0 15 91 67 17 21 37 83 33 7 71 81 76 29 89 89 25 1 84 86 67 3 86 88 83 46 17 94 71 68 37 36 24 59 73 77 39 41 6 77 57 88 35 6 18 90 67 90 11 62 54 66 5 21 86 74 19 21 75 42 17 4 28 2 71 45 6 51 36 73 13 72 68 7 12 7 9 7 88 76 16 63 78 6 76 89 94 31 4 71 46 38 54 40 24 77 27 57 46 90 33 14 20 82 60 16 22 80 59 94 34 96 49 1 91 1 17 41 58 66 32 50 67 17 3 29 78 79 62 51 15 95 74 95 79 78 9 83 47 56 50 78 54 87
75 27 99 81 17 17 15 0 31 25 73 50 78 96 101 73 11 92 100 86 15 98 65 51 25 64 20 65 49 72 32 93 100 73 78 19 67 94 53 74 16 12 38 63 30 6 65 31 73 85 48 101 16 30 1 37 81 83 78 29 65 17 81 65 65 75 95 51 4 28 67 90 48 73 59 11 40 11 81 90 48 34 83 31 94 61 52 43 33 84 84 13 9 6 72 42 9 70 63 74 42 41 16 8 53 93 97 1 31 79 22 76 15 40 60 41 5 99 44 85 51 77 6 76 28 76 49 87 50 89 78 39 43 58 97 36 28 41 90 35 82 20 55 59 38 96 95 42 27 58
32 87 19 99 86 46 91 31 0 24 53 79 5 43 91 39 72 63 45 62 40 56 80 99 81 96 28 24 28 51 17 38 74 16 26 1 71 84 52 57 62 76 47 37 64 32 1 36 34 68 53 73 95 34 21 86 67 33 9 55 73 29 30 65 12 56 55 24 64 6 36 89 75 45 32 77 74 77 98 33 14 61 13 23 89 13 62 60 31 56 72 6 6 47 7 61 55 73 4 71 95 24 52 19 89 57 13 57 23 61 54 61 55 92 68 28 4 11 60 101 67 86 66 31 101 80 14 18 6 53 55 78 39 86 56 8 59 26 91 23 75 74 5 91 28 81 86 13 52 12
93 84 67 44 12 80 67 25 24 0 60 19 40 42 4 72 80 59 40 55 55 62 16 22 92 55 82 55 7 34 45 53 94 86 75 85 62 11 39 20 16 84 94 20 44 80 57 85 10 93 1 97 25 65 73 48 82 36 88 99 9 25 28 64 79 101 59 27 100 15 25 74 53 92 81 17 31 15 64 34 59 43 39 84 39 48 34 55 11 90 40 76 34 55 46 87 29 89 7 22 37 32 34 4 17 14 20 32 96 56 68 86 10 23 47 87 98 79 62 76 62 64 28 51 56 20 90 70 53 17 83 38 66 64 25 17 61 55 87 34 21 47 75 46 31 66 27 8 60 29
1 65 61 59 53 24 17 73 53 60 0 53 9 73 25 16 98 27 50 52 81 15 63 75 82 37 76 31 89 11 91 89 96 24 43 3 99 60 68 42 40 62 34 58 13 10 63 98 13 99 91 45 65 1 11 48 24 63 37 42 9 19 99 28 20 4 50 71 53 70 24 2 5 65 32 35 78 28 38 24 51 61 41 14 75 72 86 73 60 55 89 32 16 68 53 58 91 4 84 91 24 35 58 31 29 33 32 100 66 95 62 52 4 40 1 75 64 91 17 75 99 73 4 95 6 59 15 26 93 19 63 46 14 62 35 23 80 33 86 56 22 86 23 49 2 90 45 47 12 17
37 99 52 9 87 14 21 50 79 19 53 0 95 6 15 81 59 76 10 59 75 98 80 46 11 48 49 85 33 6 7 47 83 3 81 68 78 32 21 87 38 88 2 93 32 75 10 85 33 5 91 34 52 10 15 95 88 101 51 30 97 7 43 75 65 82 64 16 97 73 9 64 41 35 68 41 83 16 26 85 12 4 68 25 35 100 58 5 98 91 50 96 100 47 33 69 52 24 35 18 62 2 74 92 27 9 45 22 37 27 86 24 59 47 33 99 91 47 19 32 33 87 26 52 83 30 1 22 29 56 40 80 67 60 13 93 26 56 63 72 52 33 36 31 53 87 15 6 1 35
96 23 31 62 78 76 37 78 5 40 9 95 0 26 99 37 13 83 40 86 62 75 59 85 77 72 26 11 50 1 98 84 68 75 62 42 80 6 7 33 32 76 35 94 60 46 39 15 46 74 9 101 42 13 28 4 14 13 46 13 74 51 57 98 26 58 36 72 43 57 12 13 66 7 28 90 72 80 12 52 73 48 5 84 4 64 89 56 50 15 9 55 60 74 93 68 43 101 15 65 68 14 63 7 36 48 71 64 26 58 27 46 15 59 66 89 57 54 78 37 3 58 91 40 54 40 20 4 89 45 70 16 87 13 92 97 18 97 45 6 53 41 22 99 54 100 76 6 85 30
51 24 55 44 4 65 83 96 43 42 73 6 26 0 88 20 30 74 75 33 40 76 49 82 78 31 84 35 37 70 16 32 41 77 22 77 51 58 10 81 24 60 68 38 63 9 14 85 52 54 56 5 16 43 39 93 86 54 13 24 70 63 22 98 67 39 34 47 41 84 30 100 13 37 54 84 53 66 86 94 61 9 71 22 15 45 37 44 84 77 52 68 12 35 51 74 36 5 101 74 92 47 16 23 71 40 16 70 93 41 93 76 64 41 63 68 31 10 11 77 38 16 1 22 86 38 100 92 72 63 13 11 71 14 61 73 99 55 42 45 57 24 22 87 34 42 41 56 7 66
24 34 81 66 35 5 33 101 91 4 25 15 99 88 0 93 8 21 76 52 20 32 52 78 4 24 55 84 81 100 51 74 64 99 10 66 23 39 51 9 78 32 23 12 70 46 10 97 30 8 65 96 23 55 76 57 80 49 67 54 93 79 44 22 63 61 62 57 27 46 20 99 15 33 1 55 44 39 100 86 66 74 23 1 33 10 29 83 7 72 39 23 79 5 30 37 32 14 13 92 61 11 3 69 75 32 41 34 12 73 30 33 2 3 40 29 88 29 13 96 67 5 48 47 28 43 16 44 78 7 41 83 43 30 33 29 1 72 75 99 31 2 58 10 38 41 2 80 53 50
48 56 78 46 64 46 7 73 39 72 16 81 37 20 93 0 9 99 88 46 92 18 29 13 43 34 54 89 67 27 21 12 49 27 74 66 83 51 21 26 84 12 2 59 69 15 17 96 29 98 68 46 19 75 50 101 32 76 51 82 18 79 64 17 36 63 19 53 77 65 79 96 24 9 41 69 6 81 4 24 42 80 55 32 30 34 45 37 46 3 70 3 17 97 20 87 18 76 92 28 92 3 91 25 72 20 4 69 53 96 20 78 25 4 13 56 48 61 61 23 43 78 71 55 43 29 44 26 24 40 99 54 40 43 90 85 77 79 96 75 50 46 30 65 35 51 19 24 66 77
93 99 90 88 83 50 71 11 72 80 98 59 13 30 8 9 0 11 61 70 33 85 37 3 35 96 6 65 65 24 47 34 75 88 9 12 33 2 76 62 25 70 69 41 72 13 63 31 62 31 74 16 61 32 97 58 4 22 57 84 88 21 3 42 42 45 96 85 35 40 8 28 35 6 48 58 34 95 2 32 25 19 57 66 90 44 52 89 65 100 57 79 4 49 61 62 43 28 72 50 29 74 36 68 6 20 38 1 68 30 41 30 27 52 8 13 87 24 28 13 25 40 55 49 1 57 99 89 52 9 32 84 57 66 62 36 93 41 79 1 4 43 6 68 92 97 46 96 58 70
48 19 34 30 25 60 81 92 63 59 27 76 83 74 21 99 11 0 77 77 42 10 2 35 62 100 53 84 43 94 64 98 43 54 78 74 50 9 57 19 42 70 27 87 49 22 81 51 73 76 5 54 17 31 63 1 39 39 93 4 35 93 30 100 51 78 70 69 100 83 59 98 70 42 45 5 73 62 60 45 77 101 17 13 36 49 29 4 63 64 86 14 100 68 70 78 83 74 15 56 37 12 57 57 78 40 32 50 41 36 64 10 95 17 57 100 55 80 3 6 41 14 75 42 65 18 21 100 47 90 5 83 78 65 63 35 5 40 59 75 34 34 29 78 16 56 4 55 32 12
54 65 38 46 30 3 76 100 45 40 50 10 40 75 76 88 61 77 0 86 80 76 97 12 35 82 5 21 42 80 37 96 86 49 4 33 81 79 5 42 62 94 14 4 48 54 63 36 86 34 85 79 28 84 13 68 73 53 88 81 10 52 75 54 87 9 85 58 27 26 23 96 4 28 3 70 76 47 64 46 59 16 56 80 56 64 84 76 52 46 27 85 5 35 66 58 5 75 95 41 90 15 1 66 8 68 60 12 6 76 59 92 71 23 26 65 36 4 32 91 21 53 68 68 46 59 89 13 83 4 47 59 17 60 94 37 30 19 5 83 83 85 9 96 34 25 70 62 99 64
44 16 18 69 13 70 29 86 62 55 52 59 86 33 52 46 70 77 86 0 20 88 98 5 83 28 20 90 98 46 6 63 76 91 59 27 56 87 63 49 72 101 91 97 66 69 9 93 7 83 63 6 33 83 94 69 25 89 6 94 28 1 70 70 45 25 14 52 60 33 73 72 46 1 35 2 18 85 100 48 70 65 64 19 79 78 55 33 46 69 66 94 29 21 59 2 30 62 82 17 99 100 40 58 67 33 51 81 62 77 95 65 31 56 19 70 9 59 86 84 39 41 61 84 63 73 84 95 15 62 100 101 7 75 54 13 90 25 100 52 84 96 14 96 23 21 39 51 60 66
1 10 17 82 43 61 89 15 40 55 81 75 62 40 20 92 33 42 80 20 0 49 28 98 45 6 1 101 74 55 34 11 52 24 61 100 48 55 13 90 58 92 38 18 31 91 37 76 76 90 96 74 89 23 75 84 70 77 41 38 59 63 3 63 92 42 31 90 100 31 64 42 25 24 16 68 53 37 63 26 2 100 85 91 70 67 7 57 31 12 1 79 76 22 45 15 53 50 12 84 80 45 59 95 72 94 49 24 57 89 89 28 69 71 15 96 34 35 39 57 39 78 65 96 87 16 14 75 12 53 95 87 66 60 95 75 28 66 32 51 71 99 54 101 66 26 27 21 37 57
38 27 40 16 67 30 89 98 56 62 15 98 75 76 32 18 85 10 76 88 49 0 89 70 77 57 34 19 39 20 47 71 49 27 85 12 82 12 22 94 11 17 55 88 55 2 1 51 11 41 61 74 35 100 61 97 48 43 35 54 31 3 93 86 10 78 34 74 93 32 9 16 30 28 77 52 75 23 96 30 50 85 21 33 20 56 9 64 27 27 31 1 65 41 34 59 40 58 55 28 87 23 15 71 26 2 31 31 3 50 27 33 66 11 23 56 41 51 64 42 10 13 87 15 60 41 50 44 15 3 61 65 14 24 78 38 62 61 42 62 35 88 47 56 15 28 41 22 55 56
89 9 99 68 12 13 25 65 80 16 63 80 59 49 52 29 37 2 97 98 28 89 0 5 73 75 35 17 25 34 80 98 6 23 92 96 7 33 73 62 2 11 93 89 61 25 30 31 34 66 83 84 55 4 83 34 38 78 57 24 99 89 91 67 22 98 4 11 5 88 72 2 20 56 5 2 77 83 32 39 88 65 51 16 19 31 90 41 79 75 11 78 20 10 30 52 52 59 90 93 41 72 91 77 77 40 6 16 92 29 1 34 58 22 56 2 89 52 59 14 49 78 47 29 35 30 65 76 1 30 52 99 67 35 47 38 1 36 46 17 55 74 52 52 36 21 81 23 88 97
56 88 87 32 72 84 1 51 99 22 75 46 85 82 78 13 3 35 12 5 98 70 5 0 35 98 101 15 8 14 23 28 68 75 80 98 25 65 71 47 94 79 100 52 41 58 21 92 59 21 54 69 46 71 21 45 55 68 7 69 53 44 71 19 80 38 52 7 12 21 67 1 80 51 86 1 49 7 22 70 95 32 99 76 1 12 69 13 62 66 77 11 61 45 12 59 77 79 68 20 30 35 16 34 94 82 33 68 62 49 10 6 16 17 10 54 17 94 44 28 96 9 52 15 77 97 24 13 90 68 35 48 69 6 24 96 81 66 32 93 48 44 8 7 90 90 73 4 16 80
2 70 90 21 64 93 84 25 81 92 82 11 77 78 4 43 35 62 35 83 45 77 73 35 0 27 14 72 14 54 46 32 81 3 54 3 8 36 85 69 30 2 56 89 97 71 70 66 9 74 6 2 66 37 82 29 9 83 24 32 50 28 37 22 11 36 24 42 15 98 9 13 27 91 93 9 12 47 87 93 5 73 21 46 17 86 55 38 99 91 82 44 13 52 61 15 48 7 65 85 15 80 73 28 47 36 48 8 54 37 54 84 40 34 83 97 10 71 60 24 82 100 25 42 69 45 16 40 73 61 3 81 2 31 1 76 31 97 75 49 63 25 37 64 18 21 78 82 37 68
7 66 69 1 58 78 86 64 96 55 37 48 72 31 24 34 96 100 82 28 6 57 75 98 27 0 66 95 89 96 80 40 69 17 24 92 77 78 40 76 77 59 24 34 21 52 39 77 101 82 72 43 43 101 75 48 75 62 92 18 78 72 91 84 86 34 31 38 28 58 30 19 63 85 48 7 64 58 41 84 19 3 66 44 40 73 99 45 2 55 40 56 68 53 77 78 74 2 70 31 58 74 93 3 88 84 95 71 36 97 59 66 74 76 21 38 48 72 90 12 17 17 82 50 18 87 9 95 1 15 51 90 46 36 51 92 30 74 86 17 91 1 70 4 74 60 2 10 52 83
87 21 40 27 97 39 67 20 28 82 76 49 26 84 55 54 6 53 5 20 1 34 35 101 14 66 0 96 22 42 21 10 29 89 100 20 25 59 98 94 13 66 8 11 84 17 25 4 22 32 8 9 26 49 94 96 51 78 92 93 84 60 71 52 52 85 75 71 68 85 94 38 33 80 89 48 22 73 46 9 52 98 89 61 97 45 88 31 24 95 87 84 76 1 68 45 83 38 57 72 68 39 35 12 68 35 97 14 44 14 37 67 99 37 23 28 33 63 57 5 11 86 86 41 12 76 32 47 84 22 85 41 20 35 77 53 37 77 31 31 94 78 89 8 55 94 70 42 93 37
66 52 30 15 15 18 3 65 24 55 31 85 11 35 84 89 65 84 21 90 101 19 17 15 72 95 96 0 41 18 73 61 68 97 79 47 70 17 22 37 18 87 73 90 20 11 98 17 23 51 41 67 97 76 51 42 36 46 84 43 1 15 43 100 14 10 78 85 3 57 70 92 73 28 48 80 81 4 21 57 35 16 14 92 53 65 72 7 51 33 28 78 32 70 32 81 85 101 6 2 91 47 94 37 34 47 61 8 1 68 15 35 25 86 23 9 39 60 20 93 90 28 66 37 74 7 21 59 61 1 9 43 74 3 75 13 84 31 68 22 37 50 51 41 50 20 53 18 17 81
41 87 77 30 31 5 86 49 28 7 89 33 50 37 81 67 65 43 42 98 74 39 25 8 14 89 22 41 0 92 28 67 85 92 25 12 55 66 21 86 62 86 56 2 9 19 80 56 43 72 22 69 54 80 51 18 37 97 9 2 97 35 82 38 84 66 49 42 64 57 93 32 81 64 79 80 59 29 3 48 4 89 24 46 89 29 63 42 76 32 90 56 14 91 65 46 3 94 35 22 11 53 69 27 88 55 81 77 51 39 73 60 34 49 86 11 87 35 21 2 41 28 74 63 75 51 81 34 42 60 38 73 59 70 58 95 85 40 92 2 96 77 46 101 11 39 1 89 50 20
51 40 69 93 32 43 88 72 51 34 11 6 1 70 100 27 24 94 80 46 55 20 34 14 54 96 42 18 92 0 7 82 16 72 53 44 20 95 71 54 38 56 11 83 81 13 12 53 12 33 86 28 15 97 39 42 96 72 41 79 9 42 40 76 90 22 37 24 62 21 31 51 42 21 4 66 3 44 59 54 33 11 40 60 38 36 6 2 84 38 66 64 45 25 100 92 12 12 76 53 50 79 75 94 54 30 99 4 17 21 67 1 73 88 66 23 5 53 46 63 79 94 70 76 90 37 86 100 52 6 3 65 26 54 68 74 87 51 36 3 73 87 17 3 23 61 59 18 43 93
97 25 79 26 100 96 83 32 17 45 91 7 98 16 51 21 47 64 37 6 34 47 80 23 46 80 21 73 28 7 0 13 37 53 28 11 8 61 26 29 83 53 98 97 20 75 34 28 66 13 95 64 75 101 24 92 83 39 28 55 92 73 53 71 92 5 95 20 42 37 3 59 62 69 86 95 88 62 42 54 15 81 7 13 2 75 33 15 36 34 40 10 97 27 91 10 9 12 10 69 76 63 72 70 26 56 91 16 100 85 71 29 8 1 25 20 97 38 42 23 17 49 93 95 27 19 30 59 72 37 62 19 19 75 9 81 38 55 93 12 37 69 95 90 83 46 1 11 4 25
63 36 24 75 30 29 46 93 38 53 89 47 84 32 74 12 34 98 96 63 11 71 98 28 32 40 10 61 67 82 13 0 78 49 65 91 94 10 76 83 56 97 12 54 77 6 61 46 77 89 71 10 70 30 17 25 55 86 41 75 7 20 82 93 42 73 64 19 5 44 95 90 58 76 88 95 19 96 6 3 79 56 30 75 39 28 5 12 75 7 4 32 32 64 83 59 89 48 67 18 94 46 88 71 12 98 85 96 83 82 31 57 23 7 51 82 84 86 20 18 34 33 22 88 45 59 11 77 13 21 20 45 53 35 75 36 100 10 90 4 86 68 41 80 93 99 46 43 45 8
65 16 86 34 71 20 17 100 74 94 96 83 68 41 64 49 75 43 86 76 52 49 6 68 81 69 29 68 85 16 37 78 0 9 5 17 59 18 99 56 43 83 36 8 75 66 39 13 97 5 38 57 85 62 28 100 57 88 80 7 8 36 100 41 57 87 69 3 72 98 5 46 60 19 79 5 38 101 4 48 73 36 63 93 53 100 1 73 86 68 78 61 32 69 89 10 29 19 47 84 22 10 15 87 36 28 65 44 69 64 15 93 18 67 90 61 29 13 43 44 75 1 73 11 38 73 11 40 19 20 93 62 42 27 37 98 67 42 48 66 62 46 94 92 68 92 74 11 62 76
16 75 51 60 89 90 94 73 16 86 24 3 75 77 99 27 88 54 49 91 24 27 23 75 3 17 89 97 92 72 53 49 9 0 54 82 46 14 6 66 88 90 44 49 85 67 84 53 97 92 92 84 93 97 44 19 25 87 47 86 17 21 5 101 85 42 13 42 56 68 85 35 64 88 22 99 69 6 46 78 24 53 72 69 93 81 86 98 55 89 63 84 37 31 18 88 37 60 37 79 96 10 94 92 20 54 57 3 32 70 35 54 97 94 78 2 72 76 71 28 11 6 71 47 27 4 6 87 13 94 91 77 57 84 97 56 56 31 84 60 40 88 44 71 92 64 80 101 1 52
31 14 31 101 35 26 71 78 26 75 43 81 62 22 10 74 9 78 4 59 61 85 92 80 54 24 100 79 25 53 28 65 5 54 0 10 77 63 18 11 25 18 8 8 79 75 82 56 35 48 65 85 36 70 93 26 22 78 52 2 64 16 73 1 18 75 53 70 46 39 2 29 65 64 65 85 75 9 71 4 6 29 4 39 66 8 20 52 63 14 61 60 95 8 27 8 80 83 9 52 44 98 25 55 28 7 72 65 54 89 57 18 79 87 21 23 15 84 81 90 71 27 2 90 64 7 15 90 10 32 45 97 7 52 49 73 54 48 88 101 42 96 43 26 60 2 87 31 74 90
5 101 73 69 61 63 68 19 1 85 3 68 42 77 66 66 12 74 33 27 100 12 96 98 3 92 20 47 12 44 11 91 17 82 10 0 18 78 48 82 37 35 82 44 30 76 71 51 5 54 8 101 6 96 38 27 3 29 63 53 69 82 1 67 62 41 42 48 3 27 17 55 20 12 68 65 74 40 39 1 2 94 58 75 59 80 80 42 13 77 46 45 35 64 5 6 55 70 72 93 68 55 74 69 32 84 5 11 91 68 50 12 26 100 66 6 47 6 46 15 3 44 64 59 84 74 54 16 92 28 76 49 58 69 44 80 72 92 99 31 37 52 41 70 12 49 1 52 19 96
93 3 12 47 57 99 37 67 71 62 99 78 80 51 23 83 33 50 81 56 48 82 7 25 8 77 25 70 55 20 8 94 59 46 77 18 0 92 37 83 78 33 3 56 94 3 6 43 26 23 55 94 33 76 33 55 60 14 3 82 66 78 26 92 84 88 51 47 18 5 76 85 93 10 1 66 84 63 5 17 51 96 23 85 10 50 84 93 74 81 54 48 40 44 36 1 24 53 4 100 81 59 82 17 33 2 88 1 21 55 7 93 82 88 17 11 8 82 88 98 27 57 28 35 65 17 64 1 30 25 99 28 86 50 62 15 72 58 56 46 65 12 85 13 17 70 42 51 56 63
82 22 61 51 3 80 36 94 84 11 60 32 6 58 39 51 2 9 79 87 55 12 33 65 36 78 59 17 66 95 61 10 18 14 63 78 92 0 31 28 72 43 12 46 31 63 22 95 40 43 96 36 11 32 34 71 77 6 73 76 88 68 61 78 61 11 51 49 75 67 47 48 9 31 24 55 12 85 75 69 24 19 34 2 6 8 2 65 15 44 53 80 49 41 66 49 4 9 17 101 93 72 93 30 92 23 97 8 54 55 68 91 27 62 25 38 19 31 36 43 85 67 37 5 96 36 55 25 81 41 30 93 23 97 35 43 43 45 45 94 39 85 93 68 24 67 80 89 62 82
50 61 21 77 91 13 24 53 52 39 68 21 7 10 51 21 76 57 5 63 13 22 73 71 85 40 98 22 21 71 26 76 99 6 18 48 37 31 0 64 18 92 70 77 12 78 95 55 11 66 24 28 94 99 38 23 24 74 37 35 72 88 85 63 18 68 70 29 55 38 25 59 83 9 17 77 26 86 50 84 83 20 38 35 49 81 66 15 44 28 14 68 98 19 44 12 70 53 95 15 4 54 26 64 50 76 62 30 61 54 28 44 50 10 57 100 65 46 18 60 91 92 34 87 52 71 8 43 50 93 51 50 87 79 93 80 2 45 94 37 57 48 2 84 54 91 27 32 30 63
65 97 67 23 93 47 59 74 57 20 42 87 33 81 9 26 62 19 42 49 90 94 62 47 69 76 94 37 86 54 29 83 56 66 11 82 83 28 64 0 50 13 85 44 72 54 82 27 88 78 44 15 85 92 70 24 50 26 83 4 91 44 88 91 63 70 59 18 23 1 26 62 54 79 2 23 20 79 76 99 58 47 67 15 39 64 60 57 101 73 55 88 17 49 36 19 66 86 78 10 44 43 78 60 48 98 90 50 36 66 38 77 10 5 82 83 95 60 101 85 101 79 63 57 91 80 100 85 62 50 14 54 14 86 77 9 91 90 45 9 88 28 83 31 88 85 98 48 19 56
32 76 51 9 52 41 73 16 62 16 40 38 32 24 78 84 25 42 62 72 58 11 2 94 30 77 13 18 62 38 83 56 43 88 25 37 78 72 18 50 0 29 86 29 14 37 52 37 91 76 67 34 73 66 25 1 34 92 76 66 31 46 52 13 2 16 10 27 83 58 35 77 83 95 29 83 73 6 51 100 56 70 58 55 93 26 23 59 61 54 70 100 40 36 83 100 24 95 10 42 64 3 85 96 42 87 78 77 26 39 13 37 95 98 89 34 93 13 76 23 74 40 11 13 23 64 23 100 10 99 52 11 82 29 90 46 56 58 13 90 59 10 29 80 55 8 17 42 21 1
47 35 36 65 11 98 77 12 76 84 62 88 76 60 32 12 70 70 94 101 92 17 11 79 2 59 66 87 86 56 53 97 83 90 18 35 33 43 92 13 29 0 49 4 30 10 29 101 70 70 22 47 41 33 54 74 88 86 39 57 99 40 87 73 13 38 31 14 5 67 16 50 17 39 53 14 7 69 68 53 98 45 98 76 49 86 38 62 53 68 67 42 58 94 13 46 28 19 12 23 31 2 95 12 60 86 55 49 90 28 61 78 28 72 25 13 42 51 60 6 16 14 96 3 81 25 26 60 42 10 36 47 89 91 101 35 22 26 88 87 30 18 66 25 60 29 17 92 53 53
7 32 15 95 91 5 39 38 47 94 34 2 35 68 23 2 69 27 14 91 38 55 93 100 56 24 8 73 56 11 98 12 36 44 8 82 3 12 70 85 86 49 0 22 36 3 46 1 12 7 93 35 28 44 30 67 58 16 87 67 21 31 96 44 93 45 19 14 76 55 39 44 93 7 44 74 13 2 52 82 97 95 97 101 29 14 72 53 52 19 97 43 91 1 15 23 31 88 43 20 18 2 80 36 40 87 10 47 88 65 54 36 31 71 39 25 58 49 45 16 46 98 66 23 25 53 41 1 16 33 18 75 88 98 77 68 12 47 79 53 32 32 62 28 47 71 68 10 51 1
43 72 59 79 98 78 41 63 37 20 58 93 94 38 12 59 41 87 4 97 18 88 89 52 89 34 11 90 2 83 97 54 8 49 8 44 56 46 77 44 29 4 22 0 89 79 63 61 64 97 17 14 10 61 57 16 74 40 22 58 33 50 9 20 9 61 92 24 79 64 53 59 49 18 65 14 1 55 27 35 10 46 22 21 47 24 16 57 26 56 89 16 30 6 32 85 23 67 76 4 6 85 60 55 84 6 19 28 38 89 28 72 23 15 18 44 91 32 8 42 8 5 23 75 79 22 37 12 13 29 87 72 7 7 14 63 15 75 8 2 39 99 52 5 93 23 100 97 16 59
25 20 19 54 31 49 6 30 64 44 13 32 60 63 70 69 72 49 48 66 31 55 61 41 97 21 84 20 9 81 20 77 75 85 79 30 94 31 12 72 14 30 36 89 0 9 99 62 32 22 5 21 82 65 65 23 8 21 92 35 59 44 32 76 51 31 53 47 93 2 101 91 88 56 67 98 4 8 29 77 87 92 40 71 93 101 64 68 93 74 44 56 9 38 36 86 17 73 89 27 98 54 10 53 85 26 47 7 51 9 25 89 65 44 36 47 30 16 69 90 11 68 65 77 19 2 52 28 74 40 78 59 24 58 64 23 73 23 59 77 77 101 77 99 93 11 67 41 41 59
54 3 38 56 18 10 77 6 32 80 10 75 46 9 46 15 13 22 54 69 91 2 25 58 71 52 17 11 19 13 75 6 66 67 75 76 3 63 78 54 37 10 3 79 9 0 36 19 27 55 99 62 42 97 77 20 31 1 10 66 68 63 45 82 68 71 21 42 10 60 75 23 72 51 20 85 33 51 12 75 73 101 68 79 89 27 78 42 63 35 99 30 67 30 36 70 27 64 93 19 79 26 34 53 4 61 35 97 23 69 56 19 85 19 91 80 15 16 87 75 101 71 4 12 55 69 71 59 99 54 44 55 82 19 51 12 3 76 75 42 90 101 75 51 100 71 54 87 82 45
82 10 28 10 67 51 57 65 1 57 63 10 39 14 10 17 63 81 63 9 37 1 30 21 70 39 25 98 80 12 34 61 39 84 82 71 6 22 95 82 52 29 46 63 99 36 0 21 20 23 89 28 41 72 80 38 81 20 69 81 83 6 38 36 21 91 1 62 61 11 79 58 32 3 90 95 5 42 46 14 68 36 50 64 72 77 22 82 47 98 90 25 74 70 34 16 35 31 24 32 85 35 36 18 41 39 63 17 19 63 91 31 57 5 37 21 47 38 99 49 68 17 87 34 31 30 9 91 32 48 67 26 30 25 80 39 99 37 73 33 76 82 46 34 41 86 26 66 42 62
48 19 74 16 40 62 88 31 36 85 98 85 15 85 97 96 31 51 36 93 76 51 31 92 66 77 4 17 56 53 28 46 13 53 56 51 43 95 55 27 37 101 1 61 62 19 21 0 70 40 94 74 99 9 63 63 51 48 20 61 49 58 26 69 44 40 62 32 42 41 8 6 33 15 69 69 98 24 77 1 24 53 14 28 30 85 77 37 3 37 84 50 32 99 63 42 95 20 85 25 57 89 24 28 22 68 77 65 9 18 67 42 13 3 89 101 100 59 9 37 2 75 88 76 65 54 96 1 21 30 70 13 19 66 74 4 63 70 93 23 48 78 89 85 50 44 53 7 97 70
58 59 37 12 59 41 35 73 34 10 13 33 46 52 30 29 62 73 86 7 76 11 34 59 9 101 22 23 43 12 66 77 97 97 35 5 26 40 11 88 91 70 12 64 32 27 20 70 0 10 41 54 100 45 32 16 34 92 97 101 19 41 20 92 62 53 58 29 68 56 58 87 81 99 7 81 33 24 5 2 83 7 97 98 86 69 91 27 58 89 35 73 20 75 22 11 77 10 14 3 42 41 11 60 31 49 92 62 29 3 11 57 97 18 64 95 11 58 26 6 18 34 76 85 4 70 92 46 67 50 24 2 31 93 67 46 37 93 81 43 44 40 72 61 69 86 5 95 14 12
8 26 53 36 35 64 6 85 68 93 99 5 74 54 8 98 31 76 34 83 90 41 66 21 74 82 32 51 72 33 13 89 5 92 48 54 23 43 66 78 76 70 7 97 22 55 23 40 10 0 64 33 16 64 7 81 58 71 67 93 95 71 64 58 78 68 74 33 52 85 20 9 62 83 11 50 28 14 100 6 46 60 86 11 70 30 12 34 2 88 76 66 26 15 49 25 20 48 86 17 38 10 55 29 36 67 4 31 56 37 55 22 37 94 50 77 86 21 30 58 51 16 90 41 19 72 28 51 46 91 45 50 84 63 22 27 90 94 52 61 27 94 48 53 20 30 68 28 14 59
74 65 24 16 59 83 18 48 53 1 91 91 9 56 65 68 74 5 85 63 96 61 83 54 6 72 8 41 22 86 95 71 38 92 65 8 55 96 24 44 67 22 93 17 5 99 89 94 41 64 0 2 70 50 2 20 46 58 93 43 2 19 16 58 48 42 86 38 60 75 76 98 71 39 65 1 31 46 90 23 27 13 11 19 75 28 13 66 8 23 54 21 88 43 21 57 83 71 71 30 35 27 44 85 30 22 5 96 86 38 67 87 61 50 92 32 94 54 69 78 2 66 36 88 14 37 73 97 45 47 10 96 11 8 16 46 17 79 29 54 50 7 86 4 13 24 57 53 18 29
53 38 84 25 41 96 90 101 73 97 45 34 101 5 96 46 16 54 79 6 74 74 84 69 2 43 9 67 69 28 64 10 57 84 85 101 94 36 28 15 34 47 35 14 21 62 28 74 54 33 2 0 30 64 16 94 15 22 62 9 18 81 10 43 87 42 50 98 78 87 15 53 13 50 39 2 96 16 71 44 13 45 40 18 90 19 26 26 30 60 69 18 100 31 86 46 47 77 75 8 10 37 96 15 41 4 1 95 12 40 10 74 87 71 60 76 99 75 100 33 60 13 100 101 31 14 58 91 7 2 16 39 37 48 26 31 79 82 24 52 49 11 41 59 4 7 60 18 94 94
3 13 61 33 10 5 67 16 95 25 65 52 42 16 23 19 61 17 28 33 89 35 55 46 66 43 26 97 54 15 75 70 85 93 36 6 33 11 94 85 73 41 28 10 82 42 41 99 100 16 70 30 0 48 6 7 21 74 76 99 55 49 73 64 83 59 75 70 39 30 15 31 36 34 88 63 56 92 76 93 18 64 99 89 88 70 2 31 8 89 36 68 19 61 100 35 31 84 81 48 66 76 20 56 69 69 96 95 32 84 48 75 38 46 91 69 77 63 48 98 101 68 68 22 67 22 84 99 77 83 4 99 73 51 34 58 84 12 68 86 38 10 36 27 40 51 76 3 86 15
81 81 33 13 17 31 90 30 34 65 1 10 13 43 55 75 32 31 84 83 23 100 4 71 37 101 49 76 80 97 101 30 62 97 70 96 76 32 99 92 66 33 44 61 65 97 72 9 45 64 50 64 48 0 17 82 42 91 101 96 36 67 95 35 80 100 97 42 26 75 46 25 45 62 39 13 32 8 13 22 34 50 3 51 88 24 75 5 13 5 21 20 9 45 21 27 101 33 85 53 99 11 34 86 97 24 93 60 97 78 51 90 64 37 68 12 23 7 87 98 20 42 50 11 91 47 15 44 28 38 94 5 20 95 100 12 71 38 96 55 78 28 67 45 89 89 98 88 82 68
65 12 45 42 55 76 11 1 21 73 11 15 28 39 76 50 97 63 13 94 75 61 83 21 82 75 94 51 51 39 24 17 28 44 93 38 33 34 38 70 25 54 30 57 65 77 80 63 32 7 2 16 6 17 0 30 7 75 54 54 8 45 9 17 2 84 89 91 90 80 38 59 90 84 11 77 71 61 36 67 80 81 28 59 53 62 84 20 80 36 77 78 2 78 92 68 86 11 26 1 23 19 56 14 55 93 69 36 65 36 98 34 56 10 101 87 2 6 12 11 101 75 78 48 28 93 37 4 55 80 24 5 21 28 72 32 83 14 71 34 41 10 66 36 49 85 25 89 92 32
83 57 7 68 3 71 62 37 86 48 48 95 4 93 57 101 58 1 68 69 84 97 34 45 29 48 96 42 18 42 92 25 100 19 26 27 55 71 23 24 1 74 67 16 23 20 38 63 16 81 20 94 7 82 30 0 53 61 31 6 5 24 69 73 51 32 24 51 9 23 46 66 86 43 17 78 44 86 74 68 21 93 59 50 72 67 74 1 9 83 47 18 45 73 97 86 65 60 5 3 20 86 45 21 39 83 64 53 96 56 8 23 64 18 88 24 55 27 25 87 100 55 66 54 63 61 100 21 68 27 69 95 24 61 4 88 32 13 5 90 34 100 9 1 30 18 31 71 18 51
13 94 15 23 23 90 54 81 67 82 24 88 14 86 80 32 4 39 73 25 70 48 38 55 9 75 51 36 37 96 83 55 57 25 22 3 60 77 24 50 34 88 58 74 8 31 81 51 34 58 46 15 21 42 7 53 0 59 45 45 100 27 93 75 82 90 86 80 37 27 82 71 89 86 43 37 65 8 92 76 71 26 49 11 43 86 88 71 32 39 66 76 19 81 101 14 17 17 101 79 62 11 56 43 90 97 90 75 9 16 21 12 64 89 96 36 84 18 1 2 62 75 49 50 93 65 50 91 95 72 24 100 76 54 58 46 95 64 34 95 79 82 65 83 84 8 23 9 28 70
87 99 59 76 64 91 66 83 33 36 63 101 13 54 49 76 22 39 53 89 77 43 78 68 83 62 78 46 97 72 39 86 88 87 78 29 14 6 74 26 92 86 16 40 21 1 20 48 92 71 58 22 74 91 75 61 59 0 65 26 43 46 8 29 45 16 2 44 76 54 91 82 33 44 81 33 4 17 91 4 83 58 93 3 47 28 28 72 84 2 75 61 39 86 39 45 36 73 34 84 1 25 73 96 24 12 60 3 58 52 96 29 79 64 29 6 60 5 75 53 28 59 54 53 18 82 78 50 3 79 18 38 93 17 89 71 54 96 40 53 25 83 31 11 70 3 55 46 11 49
93 83 2 59 71 33 5 78 9 88 37 51 46 13 67 51 57 93 88 6 41 35 57 7 24 92 92 84 9 41 28 41 80 47 52 63 3 73 37 83 76 39 87 22 92 10 69 20 97 67 93 62 76 101 54 31 45 65 0 81 42 61 88 81 95 86 4 63 91 83 55 81 10 51 31 25 20 29 3 79 59 11 94 27 72 87 59 84 70 42 69 67 48 8 68 54 88 101 74 58 68 55 27 92 92 43 92 63 80 52 65 1 37 43 87 40 32 72 98 4 87 26 66 4 60 49 79 72 57 87 11 34 69 98 22 62 19 41 79 36 17 27 62 88 8 36 93 90 67 58
31 26 35 33 36 76 21 29 55 99 42 30 13 24 54 82 84 4 81 94 38 54 24 69 32 18 93 43 2 79 55 75 7 86 2 53 82 76 35 4 66 57 67 58 35 66 81 61 101 93 43 9 99 96 54 6 45 26 81 0 95 27 19 33 81 41 12 33 73 91 3 17 10 40 50 68 28 57 34 63 28 93 68 28 5 19 42 65 14 57 34 46 19 81 34 70 75 80 49 13 51 99 58 85 32 1 98 31 13 34 36 69 97 48 68 62 41 69 29 10 53 26 34 79 36 33 63 85 31 26 7 66 50 90 68 67 83 57 30 6 23 39 96 80 60 35 66 58 59 68
7 49 54 12 39 64 86 65 73 9 9 97 74 70 93 18 88 35 10 28 59 31 99 53 50 78 84 1 97 9 92 7 8 17 64 69 66 88 72 91 31 99 21 33 59 68 83 49 19 95 2 18 55 36 8 5 100 43 42 95 0 63 59 55 24 10 61 76 85 21 57 72 44 54 5 23 51 23 89 101 58 73 18 77 67 91 45 85 87 95 46 37 8 89 25 21 86 95 79 56 30 27 68 84 64 6 14 91 70 50 77 66 28 23 39 22 70 90 69 101 42 17 37 91 21 56 77 26 52 6 26 23 41 50 31 82 85 58 63 64 64 71 47 97 68 65 92 28 95 61
93 42 19 1 28 92 74 17 29 25 19 7 51 63 79 79 21 93 52 1 63 3 89 44 28 72 60 15 35 42 73 20 36 21 16 82 78 68 88 44 46 40 31 50 44 63 6 58 41 71 19 81 49 67 45 24 27 46 61 27 63 0 8 64 34 93 84 20 5 52 83 28 35 29 96 35 62 52 71 78 7 37 21 63 5 77 88 10 22 15 55 57 97 57 54 59 86 10 14 51 99 46 75 81 50 38 60 84 32 26 35 66 56 89 101 20 76 80 93 9 71 80 49 37 85 77 42 23 44 96 41 53 101 45 40 61 92 14 57 52 81 65 63 81 100 59 20 81 77 23
87 98 94 8 51 29 19 81 30 28 99 43 57 22 44 64 3 30 75 70 3 93 91 71 37 91 71 43 82 40 53 82 100 5 73 1 26 61 85 88 52 87 96 9 32 45 38 26 20 64 16 10 73 95 9 69 93 8 88 19 59 8 0 8 20 64 8 47 19 20 39 41 24 32 4 90 53 91 94 14 87 19 39 4 14 73 89 91 1 15 45 70 57 14 57 16 84 1 78 45 10 16 33 25 39 94 47 71 23 9 96 10 62 31 11 48 46 93 88 59 73 26 88 87 83 9 17 70 53 32 68 68 48 97 33 87 61 19 25 59 37 13 85 85 90 80 48 81 62 78
19 41 22 5 36 83 21 65 65 64 28 75 98 98 22 17 42 100 54 70 63 86 67 19 22 84 52 100 38 76 71 93 41 101 1 67 92 78 63 91 13 73 44 20 76 82 36 69 92 58 58 43 64 35 17 73 75 29 81 33 55 64 8 0 6 56 23 4 61 17 61 19 63 88 95 17 15 80 30 93 4 93 42 2 60 100 49 76 65 53 100 61 58 91 76 11 83 15 6 87 23 70 46 96 4 13 24 82 38 5 36 33 96 53 22 67 3 91 16 78 41 53 51 83 55 26 93 81 51 18 94 91 26 18 45 83 35 26 49 46 39 40 34 65 56 3 46 9 19 52
97 14 2 35 55 1 75 65 12 79 20 65 26 67 63 36 42 51 87 45 92 10 22 80 11 86 52 14 84 90 92 42 57 85 18 62 84 61 18 63 2 13 93 9 51 68 21 44 62 78 48 87 83 80 2 51 82 45 95 81 24 34 20 6 0 70 17 83 18 64 35 17 83 5 35 93 100 79 3 64 100 23 77 85 23 20 99 15 39 12 19 57 93 100 24 35 58 51 65 61 69 57 76 1 34 30 83 90 9 8 89 91 101 23 45 45 60 5 16 90 92 21 26 3 38 85 47 51 35 80 35 58 100 37 25 77 50 12 2 22 15 68 6 89 55 27 18 84 72 48
24 35 26 97 19 13 42 75 56 101 4 82 58 39 61 63 45 78 9 25 42 78 98 38 36 34 85 10 66 22 5 73 87 42 75 41 88 11 68 70 16 38 45 61 31 71 91 40 53 68 42 42 59 100 84 32 90 16 86 41 10 93 64 56 70 0 78 93 59 19 7 83 98 82 92 90 71 97 91 75 80 56 35 95 31 98 101 3 32 27 101 25 24 31 29 87 20 57 41 99 28 89 98 69 72 57 81 87 54 31 18 85 87 94 61 95 99 97 29 73 1 59 25 94 83 67 97 96 33 99 9 6 52 86 33 27 101 27 9 6 41 15 36 33 40 67 20 12 96 44
80 97 8 21 83 40 17 95 55 59 50 64 36 34 62 19 96 70 85 14 31 34 4 52 24 31 75 78 49 37 95 64 69 13 53 42 51 51 70 59 10 31 19 92 53 21 1 62 58 74 86 50 75 97 89 24 86 2 4 12 61 84 8 23 17 78 0 49 94 74 36 55 61 55 6 83 96 96 54 49 100 23 11 19 85 38 94 84 101 9 5 74 78 89 26 12 86 1 30 41 13 87 38 31 25 64 86 47 65 73 6 84 15 42 11 51 51 66 20 33 43 92 34 8 45 64 11 14 67 100 69 97 66 43 47 38 71 30 76 45 72 64 75 15 72 29 30 60 44 72
13 86 31 67 70 76 4 51 24 27 71 16 72 47 57 53 85 69 58 52 90 74 11 7 42 38 71 85 42 24 20 19 3 42 70 48 47 49 29 18 27 14 14 24 47 42 62 32 29 33 38 98 70 42 91 51 80 44 63 33 76 20 47 4 83 93 49 0 13 39 39 47 70 80 55 45 7 5 15 63 12 41 23 19 63 46 30 82 83 91 27 16 35 8 91 88 89 43 85 24 5 46 76 28 8 38 84 84 14 37 95 16 19 52 71 25 82 76 100 48 1 34 87 30 75 85 54 97 88 19 28 97 40 96 5 34 95 35 30 81 11 9 62 52 9 78 65 64 2 5
82 49 22 13 13 65 28 4 64 100 53 97 43 41 27 77 35 100 27 60 100 93 5 12 15 28 68 3 64 62 42 5 72 56 46 3 18 75 55 23 83 5 76 79 93 10 61 42 68 52 60 78 39 26 90 9 37 76 91 73 85 5 19 61 18 59 94 13 0 40 73 7 16 51 85 36 83 80 39 11 2 27 86 94 79 29 2 18 89 27 76 77 94 15 65 55 53 66 34 72 6 75 63 7 46 28 93 30 95 68 52 37 59 54 99 77 74 98 31 83 88 87 32 32 48 21 43 24 43 67 2 37 39 43 98 36 14 60 83 18 44 100 100 70 30 100 59 15 71 22
24 28 19 87 48 62 2 28 6 15 70 73 57 84 46 65 40 83 26 33 31 32 88 21 98 58 85 57 57 21 37 44 98 68 39 27 5 67 38 1 58 67 55 64 2 60 11 41 56 85 75 87 30 75 80 23 27 54 83 91 21 52 20 17 64 19 74 39 40 0 1 62 51 1 97 35 16 3 62 67 34 101 60 33 75 56 31 42 41 90 81 36 67 12 65 50 27 59 22 57 21 48 58 9 77 90 74 22 21 49 51 15 68 17 73 22 36 89 57 15 25 90 65 31 77 12 64 85 3 62 14 33 48 33 13 50 47 13 52 52 39 43 78 45 39 4 30 14 47 57
89 72 90 64 97 41 71 67 36 25 24 9 12 30 20 79 8 59 23 73 64 9 72 67 9 30 94 70 93 31 3 95 5 85 2 17 76 47 25 26 35 16 39 53 101 75 79 8 58 20 76 15 15 46 38 46 82 91 55 3 57 83 39 61 35 7 36 39 73 1 0 101 17 76 29 52 97 94 34 15 6 63 101 30 45 21 51 92 63 61 36 53 72 5 78 21 88 17 4 43 71 67 19 48 66 49 81 72 6 25 92 74 35 48 76 25 37 59 77 4 10 45 91 57 29 61 28 5 83 82 19 78 87 12 77 56 1 93 37 45 19 77 33 84 31 80 59 90 62 41
20 22 93 22 70 59 45 90 89 74 2 64 13 100 99 96 28 98 96 72 42 16 2 1 13 19 38 92 32 51 59 90 46 35 29 55 85 48 59 62 77 50 44 59 91 23 58 6 87 9 98 53 31 25 59 66 71 82 81 17 72 28 41 19 17 83 55 47 7 62 101 0 79 42 61 11 34 52 98 30 48 66 51 91 82 81 93 5 3 39 48 41 85 75 12 59 59 47 33 42 33 9 12 25 18 29 50 72 69 97 26 4 40 100 42 22 39 52 91 31 68 5 100 100 27 32 94 19 47 19 64 45 66 25 8 1 17 30 49 3 73 78 100 70 83 38 86 5 4 78
58 58 47 87 30 58 6 48 75 53 5 41 66 13 15 24 35 70 4 46 25 30 20 80 27 63 33 73 81 42 62 58 60 64 65 20 93 9 83 54 83 17 93 49 88 72 32 33 81 62 71 13 36 45 90 86 89 33 10 10 44 35 24 63 83 98 61 70 16 51 17 79 0 44 22 35 10 40 43 3 81 7 26 55 21 2 7 61 23 28 100 36 87 101 6 30 3 55 2 41 19 52 37 41 40 19 95 8 71 93 73 75 2 70 64 12 78 40 52 71 10 86 17 3 59 20 69 46 31 66 71 41 85 87 89 55 59 95 47 81 68 43 22 68 93 36 18 28 63 46
87 88 32 26 36 57 51 73 45 92 65 35 7 37 33 9 6 42 28 1 24 28 56 51 91 85 80 28 64 21 69 76 19 88 64 12 10 31 9 79 95 39 7 18 56 51 3 15 99 83 39 50 34 62 84 43 86 44 51 40 54 29 32 88 5 82 55 80 51 1 76 42 44 0 11 93 21 84 65 87 48 76 92 56 20 49 88 10 95 20 40 12 14 73 79 3 75 18 84 27 82 71 98 31 75 36 21 83 44 24 83 5 35 5 83 47 99 24 53 26 7 72 87 101 27 18 10 65 94 68 23 41 75 50 101 22 47 59 75 13 53 95 7 13 4 47 87 3 21 79
28 97 44 47 83 26 36 59 32 81 32 68 28 54 1 41 48 45 3 35 16 77 5 86 93 48 89 48 79 4 86 88 79 22 65 68 1 24 17 2 29 53 44 65 67 20 90 69 7 11 65 39 88 39 11 17 43 81 31 50 5 96 4 95 35 92 6 55 85 97 29 61 22 11 0 5 47 84 94 88 26 28 5 13 20 88 85 58 69 101 16 72 8 99 41 95 62 67 51 51 37 83 72 46 49 69 53 13 9 66 50 78 74 92 16 70 73 7 77 69 47 84 58 10 26 4 93 21 92 78 7 2 75 36 41 29 40 19 34 86 60 85 42 17 46 82 4 20 96 74
48 12 37 40 23 6 73 11 77 17 35 41 90 84 55 69 58 5 70 2 68 52 2 1 9 7 48 80 80 66 95 95 5 99 85 65 66 55 77 23 83 14 74 14 98 85 95 69 81 50 1 2 63 13 77 78 37 33 25 68 23 35 90 17 93 90 83 45 36 35 52 11 35 93 5 0 40 10 61 50 8 45 53 51 56 26 75 54 59 77 1 1 34 27 91 36 30 9 20 41 57 10 95 7 5 23 79 87 71 18 55 95 93 82 2 99 6 41 47 95 56 45 3 60 95 90 3 40 79 37 36 16 7 34 88 78 85 2 6 70 33 67 49 35 86 77 14 21 13 92
59 53 70 62 60 101 13 40 74 31 78 83 72 53 44 6 34 73 76 18 53 75 77 49 12 64 22 81 59 3 88 19 38 69 75 74 84 12 26 20 73 7 13 1 4 33 5 98 33 28 31 96 56 32 71 44 65 4 20 28 51 62 53 15 100 71 96 7 83 16 97 34 10 21 47 40 0 44 62 48 26 81 51 38 62 69 44 59 78 18 32 54 66 33 12 26 95 90 96 27 100 51 92 77 76 38 10 88 7 3 59 10 1 48 90 54 13 83 98 89 29 81 55 1 56 4 9 53 3 62 49 98 4 18 14 15 49 23 17 72 26 59 4 43 74 35 47 41 89 36
6 41 71 24 65 67 72 11 77 15 28 16 80 66 39 81 95 62 47 85 37 23 83 7 47 58 73 4 29 44 62 96 101 6 9 40 63 85 86 79 6 69 2 55 8 51 42 24 24 14 46 16 92 8 61 86 8 17 29 57 23 52 91 80 79 97 96 5 80 3 94 52 40 84 84 10 44 0 86 82 73 13 15 59 83 8 61 37 30 35 68 56 77 95 17 59 29 11 101 93 22 89 63 28 40 37 60 59 17 12 80 9 50 20 66 76 7 95 61 80 39 77 59 42 99 47 22 7 77 84 45 93 74 97 43 26 1 26 29 10 9 69 45 39 54 101 20 47 100 89
53 1 58 50 78 69 68 81 98 64 38 26 12 86 100 4 2 60 64 100 63 96 32 22 87 41 46 21 3 59 42 6 4 46 71 39 5 75 50 76 51 68 52 27 29 12 46 77 5 100 90 71 76 13 36 74 92 91 3 34 89 71 94 30 3 91 54 15 39 62 34 98 43 65 94 61 62 86 0 15 62 56 48 66 76 55 67 96 34 18 30 75 77 25 85 24 51 48 74 101 35 34 34 6 24 58 25 66 79 93 40 101 52 63 7 22 10 58 77 100 57 37 6 14 35 38 55 33 61 14 8 4 85 11 83 10 81 16 99 30 94 37 97 74 50 70 46 46 8 71
91 11 50 5 5 28 7 90 33 34 24 85 52 94 86 24 32 45 46 48 26 30 39 70 93 84 9 57 48 54 54 3 48 78 4 1 17 69 84 99 100 53 82 35 77 75 14 1 2 6 23 44 93 22 67 68 76 4 79 63 101 78 14 93 64 75 49 63 11 67 15 30 3 87 88 50 48 82 15 0 97 90 88 1 74 28 88 30 67 91 37 91 76 97 5 98 5 62 8 56 63 85 71 98 85 37 69 67 98 66 52 66 43 27 99 73 66 95 73 59 21 24 47 81 52 57 70 75 9 20 26 61 45 52 32 58 60 8 87 24 63 63 99 4 7 88 41 78 8 3
72 39 77 80 84 31 12 48 14 59 51 12 73 61 66 42 25 77 59 70 2 50 88 95 5 19 52 35 4 33 15 79 73 24 6 2 51 24 83 58 56 98 97 10 87 73 68 24 83 46 27 13 18 34 80 21 71 83 59 28 58 7 87 4 100 80 100 12 2 34 6 48 81 48 26 8 26 73 62 97 0 97 11 64 52 3 31 27 33 57 15 46 30 14 47 66 14 68 90 27 98 47 19 68 25 54 71 27 63 75 19 100 83 87 29 42 95 15 14 72 93 72 89 89 88 35 7 21 84 32 15 7 40 86 21 58 37 59 76 29 18 94 23 98 73 101 83 71 70 81
2 1 20 66 57 60 7 34 61 43 61 4 48 9 74 80 19 101 16 65 100 85 65 32 73 3 98 16 89 11 81 56 36 53 29 94 96 19 20 47 70 45 95 46 92 101 36 53 7 60 13 45 64 50 81 93 26 58 11 93 73 37 19 93 23 56 23 41 27 101 63 66 7 76 28 45 81 13 56 90 97 0 40 74 32 40 79 84 99 27 35 57 24 72 98 27 66 72 45 52 5 6 20 7 100 29 23 78 41 101 49 43 72 8 89 89 54 15 51 46 19 7 9 84 68 26 35 46 46 81 20 91 61 17 80 27 56 98 28 92 10 90 82 84 49 15 82 46 13 79
30 36 7 3 39 33 9 83 13 39 41 68 5 71 23 55 57 17 56 64 85 21 51 99 21 66 89 14 24 40 7 30 63 72 4 58 23 34 38 67 58 98 97 22 40 68 50 14 97 86 11 40 99 3 28 59 49 93 94 68 18 21 39 42 77 35 11 23 86 60 101 51 26 92 5 53 51 15 48 88 11 40 0 98 96 86 1 58 3 47 27 28 31 94 45 94 71 42 65 17 3 98 12 7 24 48 6 43 8 11 6 50 13 67 97 63 86 75 80 91 85 84 60 26 38 17 51 82 59 48 8 5 31 80 74 89 76 51 25 65 74 83 93 51 17 50 67 99 51 56
54 96 25 36 56 13 7 31 23 84 14 25 84 22 1 32 66 13 80 19 91 33 16 76 46 44 61 92 46 60 13 75 93 69 39 75 85 2 35 15 55 76 101 21 71 79 64 28 98 11 19 18 89 51 59 50 11 3 27 28 77 63 4 2 85 95 19 19 94 33 30 91 55 56 13 51 38 59 66 1 64 74 98 0 62 62 74 4 47 34 71 49 95 5 51 16 58 90 52 11 43 16 4 72 43 30 3 25 58 91 18 74 92 32 16 27 3 91 25 61 96 66 87 64 19 55 14 88 43 95 21 79 15 54 44 59 97 91 26 21 25 8 71 60 101 13 47 48 88 97
8 2 44 26 8 74 88 94 89 39 75 35 4 15 33 30 90 36 56 79 70 20 19 1 17 40 97 53 89 38 2 39 53 93 66 59 10 6 49 39 93 49 29 47 93 89 72 30 86 70 75 90 88 88 53 72 43 47 72 5 67 5 14 60 23 31 85 63 79 75 45 82 21 20 20 56 62 83 76 74 52 32 96 62 0 49 8 80 82 2 9 81 99 99 71 33 75 50 12 21 46 28 48 42 65 59 19 11 27 86 98 48 97 14 99 96 70 4 76 14 48 87 87 79 99 14 28 6 82 47 76 42 94 21 98 81 66 93 92 52 44 36 43 63 61 83 22 13 29 13
82 50 48 85 84 96 76 61 13 48 72 100 64 45 10 34 44 49 64 78 67 56 31 12 86 73 45 65 29 36 75 28 100 81 8 80 50 8 81 64 26 86 14 24 101 27 77 85 69 30 28 19 70 24 62 67 86 28 87 19 91 77 73 100 20 98 38 46 29 56 21 81 2 49 88 26 69 8 55 28 3 40 86 62 49 0 62 78 15 48 78 80 23 59 24 56 26 39 55 41 101 83 70 49 22 89 38 14 15 94 10 48 8 3 96 59 58 55 96 93 6 27 72 24 50 35 20 59 2 54 73 39 66 9 16 36 41 47 45 50 41 77 47 15 31 97 10 85 58 66
45 83 101 97 44 33 16 52 62 34 86 58 89 37 29 45 52 29 84 55 7 9 90 69 55 99 88 72 63 6 33 5 1 86 20 80 84 2 66 60 23 38 72 16 64 78 22 77 91 12 13 26 2 75 84 74 88 28 59 42 45 88 89 49 99 101 94 30 2 31 51 93 7 88 85 75 44 61 67 88 31 79 1 74 8 62 0 74 34 24 27 67 90 37 17 76 95 30 20 48 69 20 72 1 3 27 52 86 53 12 100 8 97 26 9 23 34 66 18 8 64 9 85 42 86 81 17 28 54 33 33 8 37 97 42 85 71 97 29 91 7 23 8 32 61 52 22 35 52 17
92 8 27 5 26 93 63 43 60 55 73 5 56 44 83 37 89 4 76 33 57 64 41 13 38 45 31 7 42 2 15 12 73 98 52 42 93 65 15 57 59 62 53 57 68 42 82 37 27 34 66 26 31 5 20 1 71 72 84 65 85 10 91 76 15 3 84 82 18 42 92 5 61 10 58 54 59 37 96 30 27 84 58 4 80 78 74 0 78 55 62 54 74 21 34 8 22 30 34 9 83 63 60 93 42 73 97 44 60 7 57 12 72 66 79 65 23 38 44 39 44 73 91 16 9 50 52 29 34 82 68 52 101 98 14 13 93 54 99 37 13 3 67 52 11 95 75 31 62 78
86 67 43 15 54 27 78 33 31 11 60 98 50 84 7 46 65 63 52 46 31 27 79 62 99 2 24 51 76 84 36 75 86 55 63 13 74 15 44 101 61 53 52 26 93 63 47 3 58 2 8 30 8 13 80 9 32 84 70 14 87 22 1 65 39 32 101 83 89 41 63 3 23 95 69 59 78 30 34 67 33 99 3 47 82 15 34 78 0 93 63 10 15 61 98 62 84 62 13 12 101 53 97 85 32 101 40 22 98 6 66 52 4 9 83 72 72 98 25 76 89 45 29 87 57 100 2 65 59 35 21 16 57 12 93 10 31 35 63 46 47 62 22 28 62 82 20 18 59 54
8 85 37 38 79 3 6 84 56 90 55 91 15 77 72 3 100 64 46 69 12 27 75 66 91 55 95 33 32 38 34 7 68 89 14 77 81 44 28 73 54 68 19 56 74 35 98 37 89 88 23 60 89 5 36 83 39 2 42 57 95 15 15 53 12 27 9 91 27 90 61 39 28 20 101 77 18 35 18 91 57 27 47 34 2 48 24 55 93 0 40 85 22 96 81 4 6 65 48 101 21 18 78 71 35 26 72 38 55 33 41 14 84 10 62 35 9 47 68 18 23 66 41 96 7 10 57 68 13 39 79 72 70 20 41 26 88 11 79 69 69 92 27 71 5 73 68 65 2 80
38 24 4 49 53 69 76 84 72 40 89 50 9 52 39 70 57 86 27 66 1 31 11 77 82 40 87 28 90 66 40 4 78 63 61 46 54 53 14 55 70 67 97 89 44 99 90 84 35 76 54 69 36 21 77 47 66 75 69 34 46 55 45 100 19 101 5 27 76 81 36 48 100 40 16 1 32 68 30 37 15 35 27 71 9 78 27 62 63 40 0 13 64 65 62 40 45 33 34 93 46 51 101 100 99 95 4 91 89 62 33 30 1 88 36 70 11 10 8 27 84 33 61 80 30 93 96 49 59 39 101 83 1 101 39 28 53 27 38 22 42 9 57 17 51 30 38 64 5 4
78 32 66 42 50 81 89 13 6 76 32 96 55 68 23 3 79 14 85 94 79 1 78 11 44 56 84 78 56 64 10 32 61 84 60 45 48 80 68 88 100 42 43 16 56 30 25 50 73 66 21 18 68 20 78 18 76 61 67 46 37 57 70 61 57 25 74 16 77 36 53 41 36 12 72 1 54 56 75 91 46 57 28 49 81 80 67 54 10 85 13 0 40 2 98 96 43 82 83 85 74 79 51 4 37 47 76 72 96 78 78 24 3 100 18 14 31 96 27 51 47 74 4 74 77 79 16 1 21 76 4 94 53 55 29 66 12 8 66 15 6 56 57 40 75 29 5 49 100 33
98 18 19 98 13 73 94 9 6 34 16 100 60 12 79 17 4 100 5 29 76 65 20 61 13 68 76 32 14 45 97 32 32 37 95 35 40 49 98 17 40 58 91 30 9 67 74 32 20 26 88 100 19 9 2 45 19 39 48 19 8 97 57 58 93 24 78 35 94 67 72 85 87 14 8 34 66 77 77 76 30 24 31 95 99 23 90 74 15 22 64 40 0 9 47 31 32 15 24 13 47 1 20 76 60 98 12 73 57 4 70 79 27 80 13 17 49 4 33 53 39 54 40 17 43 36 12 9 1 76 31 32 56 36 67 36 29 96 101 4 53 70 84 1 11 93 26 94 58 41
77 5 75 6 65 89 31 6 47 55 68 47 74 35 5 97 49 68 35 21 22 41 10 45 52 53 1 70 91 25 27 64 69 31 8 64 44 41 19 49 36 94 1 6 38 30 70 99 75 15 43 31 61 45 78 73 81 86 8 81 89 57 14 91 100 31 89 8 15 12 5 75 101 73 99 27 33 95 25 97 14 72 94 5 99 59 37 21 61 96 65 2 9 0 38 10 14 19 33 5 19 8 1 45 94 44 2 87 37 81 93 13 29 87 65 69 79 80 43 3 91 9 62 61 5 70 66 62 44 16 87 18 1 9 31 70 51 22 75 44 92 90 51 55 43 99 93 17 13 70
84 53 9 16 76 71 4 72 7 46 53 33 93 51 30 20 61 70 66 59 45 34 30 12 61 77 68 32 65 100 91 83 89 18 27 5 36 66 44 36 83 13 15 32 36 36 34 63 22 49 21 86 100 21 92 97 101 39 68 34 25 54 57 76 24 29 26 91 65 65 78 12 6 79 41 91 12 17 85 5 47 98 45 51 71 24 17 34 98 81 62 98 47 38 0 87 84 13 87 67 14 38 25 67 65 20 24 90 72 41 88 53 48 13 86 88 35 19 101 87 62 39 88 88 97 74 26 78 15 2 67 100 14 96 6 3 90 39 92 29 8 4 29 37 38 47 71 10 75 10
68 84 24 3 84 93 71 42 61 87 58 69 68 74 37 87 62 78 58 2 15 59 52 59 15 78 45 81 46 92 10 59 10 88 8 6 1 49 12 19 100 46 23 85 86 70 16 42 11 25 57 46 35 27 68 86 14 45 54 70 21 59 16 11 35 87 12 88 55 50 21 59 30 3 95 36 26 59 24 98 66 27 94 16 33 56 76 8 62 4 40 96 31 10 87 0 98 75 87 71 56 72 18 80 99 3 88 83 59 15 28 92 89 23 28 63 45 39 89 76 78 70 15 69 9 62 19 70 17 72 50 43 76 65 25 49 2 16 72 101 99 90 42 89 73 12 41 81 66 45
86 17 50 86 1 43 46 9 55 29 91 52 43 36 32 18 43 83 5 30 53 40 52 77 48 74 83 85 3 12 9 89 29 37 80 55 24 4 70 66 24 28 31 23 17 27 35 95 77 20 83 47 31 101 86 65 17 36 88 75 86 86 84 83 58 20 86 89 53 27 88 59 3 75 62 30 95 29 51 5 14 66 71 58 75 26 95 22 84 6 45 43 32 14 84 98 0 27 57 38 26 87 80 8 21 81 41 9 6 3 98 32 35 78 62 100 78 6 93 48 67 65 99 71 76 42 3 85 39 68 44 69 27 14 90 16 89 22 49 38 52 39 65 57 10 16 15 62 91 82
34 50 1 3 39 59 38 70 73 89 4 24 101 5 14 76 28 74 75 62 50 58 59 79 7 2 38 101 94 12 12 48 19 60 83 70 53 9 53 86 95 19 88 67 73 64 31 20 10 48 71 77 84 33 11 60 17 73 101 80 95 10 1 15 51 57 1 43 66 59 17 47 55 18 67 9 90 11 48 62 68 72 42 90 50 39 30 30 62 65 33 82 15 19 13 75 27 0 25 15 65 11 48 54 82 13 70 48 86 46 31 83 62 56 49 45 57 71 57 42 48 64 41 10 77 100 80 19 75 13 97 67 73 13 25 86 99 62 10 89 8 6 32 86 1 54 47 21 96 47
16 58 36 37 24 59 54 63 4 7 84 35 15 101 13 92 72 15 95 82 12 55 90 68 65 70 57 6 35 76 10 67 47 37 9 72 4 17 95 78 10 12 43 76 89 93 24 85 14 86 71 75 81 85 26 5 101 34 74 49 79 14 78 6 65 41 30 85 34 22 4 33 2 84 51 20 96 101 74 8 90 45 65 52 12 55 20 34 13 48 34 83 24 33 87 87 57 25 0 78 37 51 90 56 37 17 17 81 29 39 22 83 19 66 86 3 48 85 4 24 101 6 85 22 58 67 41 31 37 59 98 24 86 12 61 90 51 46 10 96 84 61 2 49 77 9 1 5 93 72
76 70 40 31 24 96 40 74 71 22 91 18 65 74 92 28 50 56 41 17 84 28 93 20 85 31 72 2 22 53 69 18 84 79 52 93 100 101 15 10 42 23 20 4 27 19 32 25 3 17 30 8 48 53 1 3 79 84 58 13 56 51 45 87 61 99 41 24 72 57 43 42 41 27 51 41 27 93 101 56 27 52 17 11 21 41 48 9 12 101 93 85 13 5 67 71 38 15 78 0 41 86 32 29 76 4 66 66 37 95 15 65 74 5 48 48 85 51 37 65 31 67 91 30 71 67 14 53 88 60 80 64 70 73 44 18 94 11 85 88 59 79 31 43 43 5 38 62 40 25
57 47 51 20 83 86 24 42 95 37 24 62 68 92 61 92 29 37 90 99 80 87 41 30 15 58 68 91 11 50 76 94 22 96 44 68 81 93 4 44 64 31 18 6 98 79 85 57 42 38 35 10 66 99 23 20 62 1 68 51 30 99 10 23 69 28 13 5 6 21 71 33 19 82 37 57 100 22 35 63 98 5 3 43 46 101 69 83 101 21 46 74 47 19 14 56 26 65 37 41 0 41 69 57 67 91 63 27 18 11 21 12 60 91 51 65 77 90 39 42 58 15 75 54 54 25 63 47 35 29 11 40 51 56 84 44 33 41 83 13 77 38 64 11 40 5 99 14 50 99
84 23 69 32 48 12 77 41 24 32 35 2 14 47 11 3 74 12 15 100 45 23 72 35 80 74 39 47 53 79 63 46 10 10 98 55 59 72 54 43 3 2 2 85 54 26 35 89 41 10 27 37 76 11 19 86 11 25 55 99 27 46 16 70 57 89 87 46 75 48 67 9 52 71 83 10 51 89 34 85 47 6 98 16 28 83 20 63 53 18 51 79 1 8 38 72 87 11 51 86 41 0 58 90 37 45 2 11 36 50 11 61 95 28 42 3 36 60 28 63 46 21 86 72 32 42 89 96 9 36 97 25 39 54 61 24 96 55 74 57 65 27 71 22 66 72 64 45 2 84
80 13 57 36 85 4 27 16 52 34 58 74 63 16 3 91 36 57 1 40 59 15 91 16 73 93 35 94 69 75 72 88 15 94 25 74 82 93 26 78 85 95 80 60 10 34 36 24 11 55 44 96 20 34 56 45 56 73 27 58 68 75 33 46 76 98 38 76 63 58 19 12 37 98 72 95 92 63 34 71 19 20 12 4 48 70 72 60 97 78 101 51 20 1 25 18 80 48 90 32 69 58 0 27 27 42 33 66 70 22 70 63 48 81 84 52 40 71 99 48 87 98 89 65 15 47 70 6 35 81 29 83 48 93 95 25 91 64 93 66 37 47 71 21 59 47 101 73 16 37
70 71 36 88 87 78 57 8 19 4 31 92 7 23 69 25 68 57 66 58 95 71 77 34 28 3 12 37 27 94 70 71 87 92 55 69 17 30 64 60 96 12 36 55 53 53 18 28 60 29 85 15 56 86 14 21 43 96 92 85 84 81 25 96 1 69 31 28 7 9 48 25 41 31 46 7 77 28 6 98 68 7 7 72 42 49 1 93 85 71 100 4 76 45 67 80 8 54 56 29 57 90 27 0 100 63 96 4 31 67 34 51 71 90 91 70 72 28 70 1 46 70 34 44 66 12 91 87 96 64 70 56 6 17 84 86 93 58 11 63 41 13 93 29 100 77 78 27 101 6
53 60 64 19 4 101 46 53 89 17 29 27 36 71 75 72 6 78 8 67 72 26 77 94 47 88 68 34 88 54 26 12 36 20 28 32 33 92 50 48 42 60 40 84 85 4 41 22 31 36 30 41 69 97 55 39 90 24 92 32 64 50 39 4 34 72 25 8 46 77 66 18 40 75 49 5 76 40 24 85 25 100 24 43 65 22 3 42 32 35 99 37 60 94 65 99 21 82 37 76 67 37 27 100 0 13 71 1 45 84 23 86 11 29 82 43 16 86 65 89 28 97 23 25 4 10 46 22 94 30 14 8 69 52 86 26 64 1 31 51 2 1 52 50 50 14 21 3 94 86
25 69 66 66 92 75 90 93 57 14 33 9 48 40 32 20 20 40 68 33 94 2 40 82 36 84 35 47 55 30 56 98 28 54 7 84 2 23 76 98 87 86 87 6 26 61 39 68 49 67 22 4 69 24 93 83 97 12 43 1 6 38 94 13 30 57 64 38 28 90 49 29 19 36 69 23 38 37 58 37 54 29 48 30 59 89 27 73 101 26 95 47 98 44 20 3 81 13 17 4 91 45 42 63 13 0 20 49 45 21 56 63 95 53 91 12 71 34 3 71 48 91 71 34 9 101 67 32 13 39 79 101 37 29 92 74 87 51 29 85 93 44 23 93 83 60 83 10 45 24
91 87 67 32 86 56 33 97 13 20 32 45 71 16 41 4 38 32 60 51 49 31 6 33 48 95 97 61 81 99 91 85 65 57 72 5 88 97 62 90 78 55 10 19 47 35 63 77 92 4 5 1 96 93 69 64 90 60 92 98 14 60 47 24 83 81 86 84 93 74 81 50 95 21 53 79 10 60 25 69 71 23 6 3 19 38 52 97 40 72 4 76 12 2 24 88 41 70 17 66 63 2 33 96 71 20 0 8 56 52 67 11 15 26 47 10 8 80 8 27 46 54 62 39 36 2 86 38 40 27 54 43 76 64 100 19 33 32 63 3 63 67 73 31 24 5 84 81 36 60
75 41 30 77 41 36 14 1 57 32 100 22 64 70 34 69 1 50 12 81 24 31 16 68 8 71 14 8 77 4 16 96 44 3 65 11 1 8 30 50 77 49 47 28 7 97 17 65 62 31 96 95 95 60 36 53 75 3 63 31 91 84 71 82 90 87 47 84 30 22 72 72 8 83 13 87 88 59 66 67 27 78 43 25 11 14 86 44 22 38 91 72 73 87 90 83 9 48 81 66 27 11 66 4 1 49 8 0 97 50 32 46 79 87 73 85 20 72 52 35 101 20 14 41 100 16 21 43 16 68 30 15 87 26 21 13 19 58 5 33 41 70 87 24 35 42 81 76 67 15
25 89 55 62 65 73 20 31 23 96 66 37 26 93 12 53 68 41 6 62 57 3 92 62 54 36 44 1 51 17 100 83 69 32 54 91 21 54 61 36 26 90 88 38 51 23 19 9 29 56 86 12 32 97 65 96 9 58 80 13 70 32 23 38 9 54 65 14 95 21 6 69 71 44 9 71 7 17 79 98 63 41 8 58 27 15 53 60 98 55 89 96 57 37 72 59 6 86 29 37 18 36 70 31 45 45 56 97 0 26 87 15 92 4 13 53 19 12 46 44 58 73 92 91 8 78 91 66 32 39 50 74 21 54 83 71 5 10 76 79 52 1 70 34 92 36 4 9 47 76
72 25 18 48 84 90 82 79 61 56 95 27 58 41 73 96 30 36 76 77 89 50 29 49 37 97 14 68 39 21 85 82 64 70 89 68 55 55 54 66 39 28 65 89 9 69 63 18 3 37 38 40 84 78 36 56 16 52 52 34 50 26 9 5 8 31 73 37 68 49 25 97 93 24 66 18 3 12 93 66 75 101 11 91 86 94 12 7 6 33 62 78 4 81 41 15 3 46 39 95 11 50 22 67 84 21 52 50 26 0 64 14 52 73 44 76 56 40 65 67 70 34 57 34 80 19 53 62 60 71 64 3 88 7 36 28 101 97 23 60 96 2 2 85 36 32 90 19 97 77
27 101 22 7 90 56 60 22 54 68 62 86 27 93 30 20 41 64 59 95 89 27 1 10 54 59 37 15 73 67 71 31 15 35 57 50 7 68 28 38 13 61 54 28 25 56 91 67 11 55 67 10 48 51 98 8 21 96 65 36 77 35 96 36 89 18 6 95 52 51 92 26 73 83 50 55 59 80 40 52 19 49 6 18 98 10 100 57 66 41 33 78 70 93 88 28 98 31 22 15 21 11 70 34 23 56 67 32 87 64 0 11 68 79 53 30 50 2 50 49 33 62 83 31 27 36 70 69 76 32 7 70 36 87 54 40 17 25 50 23 10 35 44 7 97 83 82 94 94 33
48 16 50 80 48 52 16 76 61 86 52 24 46 76 33 78 30 10 92 65 28 33 34 6 84 66 67 35 60 1 29 57 93 54 18 12 93 91 44 77 37 78 36 72 89 19 31 42 57 22 87 74 75 90 34 23 12 29 1 69 66 66 10 33 91 85 84 16 37 15 74 4 75 5 78 95 10 9 101 66 100 43 50 74 48 48 8 12 52 14 30 24 79 13 53 92 32 83 83 65 12 61 63 51 86 63 11 46 15 14 11 0 20 96 65 44 51 63 18 32 92 98 95 22 62 14 10 96 74 20 26 101 30 13 71 100 26 69 51 16 86 98 26 3 41 53 55 32 69 77
12 77 52 19 30 20 22 15 55 10 4 59 15 64 2 25 27 95 71 31 69 66 58 16 40 74 99 25 34 73 8 23 18 97 79 26 82 27 50 10 95 28 31 23 65 85 57 13 97 37 61 87 38 64 56 64 64 79 37 97 28 56 62 96 101 87 15 19 59 68 35 40 2 35 74 93 1 50 52 43 83 72 13 92 97 8 97 72 4 84 1 3 27 29 48 89 35 62 19 74 60 95 48 71 11 95 15 79 92 52 68 20 0 95 24 46 48 8 96 73 78 14 88 7 89 80 82 42 39 84 64 60 97 25 39 6 10 75 52 7 15 61 48 88 68 56 74 17 51 53
23 67 10 77 59 52 80 40 92 23 40 47 59 41 3 4 52 17 23 56 71 11 22 17 34 76 37 86 49 88 1 7 67 94 87 100 88 62 10 5 98 72 71 15 44 19 5 3 18 94 50 71 46 37 10 18 89 64 43 48 23 89 31 53 23 94 42 52 54 17 48 100 70 5 92 82 48 20 63 27 87 8 67 32 14 3 26 66 9 10 88 100 80 87 13 23 78 56 66 5 91 28 81 90 29 53 26 87 4 73 79 96 95 0 35 14 87 40 74 16 80 53 54 69 97 56 66 23 17 40 70 22 92 57 92 69 37 48 50 36 3 1 83 8 14 80 85 41 24 99
62 81 21 88 62 31 59 60 68 47 1 33 66 63 40 13 8 57 26 19 15 23 56 10 83 21 23 23 86 66 25 51 90 78 21 66 17 25 57 82 89 25 39 18 36 91 37 89 64 50 92 60 91 68 101 88 96 29 87 68 39 101 11 22 45 61 11 71 99 73 76 42 64 83 16 2 90 66 7 99 29 89 97 16 99 96 9 79 83 62 36 18 13 65 86 28 62 49 86 48 51 42 84 91 82 91 47 73 13 44 53 65 24 35 0 96 52 4 30 34 72 81 91 26 42 24 94 98 22 22 26 55 38 46 89 62 100 61 29 59 85 53 14 94 1 95 55 72 22 17
33 82 59 63 77 58 94 41 28 87 75 99 89 68 29 56 13 100 65 70 96 56 2 54 97 38 28 9 11 23 20 82 61 2 23 6 11 38 100 83 34 13 25 44 47 80 21 101 95 77 32 76 69 12 87 24 36 6 40 62 22 20 48 67 45 95 51 25 77 22 25 22 12 47 70 99 54 76 22 73 42 89 63 27 96 59 23 65 72 35 70 14 17 69 88 63 100 45 3 48 65 3 52 70 43 12 10 85 53 76 30 44 46 14 96 0 16 61 51 8 25 56 51 82 88 25 24 75 29 77 53 58 29 90 82 28 53 15 96 7 11 77 40 12 91 89 75 13 65 61
27 9 82 81 15 97 34 5 4 98 64 91 57 31 88 48 87 55 36 9 34 41 89 17 10 48 33 39 87 5 97 84 29 72 15 47 8 19 65 95 93 42 58 91 30 15 47 100 11 86 94 99 77 23 2 55 84 60 32 41 70 76 46 3 60 99 51 82 74 36 37 39 78 99 73 6 13 7 10 66 95 54 86 3 70 58 34 23 72 9 11 31 49 79 35 45 78 57 48 85 77 36 40 72 16 71 8 20 19 56 50 51 48 87 52 16 0 3 81 64 74 20 76 49 72 37 17 94 62 48 14 81 90 11 2 48 42 81 18 93 59 50 16 40 85 91 64 13 9 2
81 59 68 17 63 62 96 99 11 79 91 47 54 10 29 61 24 80 4 59 35 51 52 94 71 72 63 60 35 53 38 86 13 76 84 6 82 31 46 60 13 51 49 32 16 16 38 59 58 21 54 75 63 7 6 27 18 5 72 69 90 80 93 91 5 97 66 76 98 89 59 52 40 24 7 41 83 95 58 95 15 15 75 91 4 55 66 38 98 47 10 96 4 80 19 39 6 71 85 51 90 60 71 28 86 34 80 72 12 40 2 63 8 40 4 61 3 0 7 53 15 79 69 24 91 67 63 76 32 29 40 89 50 2 60 42 33 97 60 39 61 70 10 58 57 19 44 8 58 54
13 74 38 13 94 1 49 44 60 62 17 19 78 11 13 61 28 3 32 86 39 64 59 44 60 90 57 20 21 46 42 20 43 71 81 46 88 36 18 101 76 60 45 8 69 87 99 9 26 30 69 100 48 87 12 25 1 75 98 29 69 93 88 16 16 29 20 100 31 57 77 91 52 53 77 47 98 61 77 73 14 51 80 25 76 96 18 44 25 68 8 27 33 43 101 89 93 57 4 37 39 28 99 70 65 3 8 52 46 65 50 18 96 74 30 51 81 7 0 53 65 28 78 51 93 47 59 5 83 41 14 21 46 77 89 64 21 3 88 55 6 73 38 58 81 77 17 96 99 43
13 87 22 68 18 12 1 85 101 76 75 32 37 77 96 23 13 6 91 84 57 42 14 28 24 12 5 93 2 63 23 18 44 28 90 15 98 43 60 85 23 6 16 42 90 75 49 37 6 58 78 33 98 98 11 87 2 53 4 10 101 9 59 78 90 73 33 48 83 15 4 31 71 26 69 95 89 80 100 59 72 46 91 61 14 93 8 39 76 18 27 51 53 3 87 76 48 42 24 65 42 63 48 1 89 71 27 35 44 67 49 32 73 16 34 8 64 53 53 0 79 99 14 18 15 12 69 77 37 17 98 73 36 43 62 68 11 76 3 28 10 1 23 31 44 94 73 14 45 2
89 92 43 99 82 95 91 51 67 62 99 33 3 38 67 43 25 41 21 39 39 10 49 96 82 17 11 90 41 79 17 34 75 11 71 3 27 85 91 101 74 16 46 8 11 101 68 2 18 51 2 60 101 20 101 100 62 28 87 53 42 71 73 41 92 1 43 1 88 25 10 68 10 7 47 56 29 39 57 21 93 19 85 96 48 6 64 44 89 23 84 47 39 91 62 78 67 48 101 31 58 46 87 46 28 48 46 101 58 70 33 92 78 80 72 25 74 15 65 79 0 96 26 8 25 55 95 11 90 89 97 58 12 54 25 9 44 71 84 97 24 62 60 67 96 49 32 35 86 43
13 10 91 88 2 95 1 77 86 64 73 87 58 16 5 78 40 14 53 41 78 13 78 9 100 17 86 28 28 94 49 33 1 6 27 44 57 67 92 79 40 14 98 5 68 71 17 75 34 16 66 13 68 42 75 55 75 59 26 26 17 80 26 53 21 59 92 34 87 90 45 5 86 72 84 45 81 77 37 24 72 7 84 66 87 27 9 73 45 66 33 74 54 9 39 70 65 64 6 67 15 21 98 70 97 91 54 20 73 34 62 98 14 53 81 56 20 79 28 99 96 0 53 66 93 55 33 52 78 87 2 25 66 90 63 80 82 4 25 52 48 88 35 14 14 20 31 97 22 22
7 60 90 10 44 58 17 6 66 28 4 26 91 1 48 71 55 75 68 61 65 87 47 52 25 82 86 66 74 70 93 22 73 71 2 64 28 37 34 63 11 96 66 23 65 4 87 88 76 90 36 100 68 50 78 66 49 54 66 34 37 49 88 51 26 25 34 87 32 65 91 100 17 87 58 3 55 59 6 47 89 9 60 87 87 72 85 91 29 41 61 4 40 62 88 15 99 41 85 91 75 86 89 34 23 71 62 14 92 57 83 95 88 54 91 51 76 69 78 14 26 53 0 49 59 63 27 62 77 100 34 73 81 35 9 91 68 13 44 35 96 20 62 59 64 29 74 55 46 82
90 6 62 99 70 75 41 76 31 51 95 52 40 22 47 55 49 42 68 84 96 15 29 15 42 50 41 37 63 76 95 88 11 47 90 59 35 5 87 57 13 3 23 75 77 12 34 76 85 41 88 101 22 11 48 54 50 53 4 79 91 37 87 83 3 94 8 30 32 31 57 100 3 101 10 60 1 42 14 81 89 84 26 64 79 24 42 16 87 96 80 74 17 61 88 69 71 10 22 30 54 72 65 44 25 34 39 41 91 34 31 22 7 69 26 82 49 24 51 18 8 66 49 0 70 36 24 38 96 95 35 51 74 37 23 8 39 96 81 53 92 26 32 20 14 32 8 60 47 33
89 11 4 58 81 49 58 28 101 56 6 83 54 86 28 43 1 65 46 63 87 60 35 77 69 18 12 74 75 90 27 45 38 27 64 84 65 96 52 91 23 81 25 79 19 55 31 65 4 19 14 31 67 91 28 63 93 18 60 36 21 85 83 55 38 83 45 75 48 77 29 27 59 27 26 95 56 99 35 52 88 68 38 19 99 50 86 9 57 7 30 77 43 5 97 9 76 77 58 71 54 32 15 66 4 9 36 100 8 80 27 62 89 97 42 88 72 91 93 15 25 93 59 70 0 49 26 37 3 12 59 45 52 24 83 50 70 21 84 53 97 24 66 6 7 45 31 37 70 35
39 24 55 37 81 1 66 76 80 20 59 30 40 38 43 29 57 18 59 73 16 41 30 97 45 87 76 7 51 37 19 59 73 4 7 74 17 36 71 80 64 25 53 22 2 69 30 54 70 72 37 14 22 47 93 61 65 82 49 33 56 77 9 26 85 67 64 85 21 12 61 32 20 18 4 90 4 47 38 57 35 26 17 55 14 35 81 50 100 10 93 79 36 70 74 62 42 100 67 67 25 42 47 12 10 101 2 16 78 19 36 14 80 56 24 25 37 67 47 12 55 55 63 36 49 0 53 90 92 65 73 17 50 15 83 59 91 22 76 83 19 82 3 88 52 17 1 98 56 55
11 1 24 55 23 94 32 49 14 90 15 1 20 100 16 44 99 21 89 84 14 50 65 24 16 9 32 21 81 86 30 11 11 6 15 54 64 55 8 100 23 26 41 37 52 71 9 96 92 28 73 58 84 15 37 100 50 78 79 63 77 42 17 93 47 97 11 54 43 64 28 94 69 10 93 3 9 22 55 70 7 35 51 14 28 20 17 52 2 57 96 16 12 66 26 19 3 80 41 14 63 89 70 91 46 67 86 21 91 53 70 10 82 66 94 24 17 63 59 69 95 33 27 24 26 53 0 58 91 93 101 49 73 47 34 85 22 79 60 58 54 36 95 44 93 31 75 79 41 13
85 71 79 63 35 66 50 87 18 70 26 22 4 92 44 26 89 100 13 95 75 44 76 13 40 95 47 59 34 100 59 77 40 87 90 16 1 25 43 85 100 60 1 12 28 59 91 1 46 51 97 91 99 44 4 21 91 50 72 85 26 23 70 81 51 96 14 97 24 85 5 19 46 65 21 40 53 7 33 75 21 46 82 88 6 59 28 29 65 68 49 1 9 62 78 70 85 19 31 53 47 96 6 87 22 32 38 43 66 62 69 96 42 23 98 75 94 76 5 77 11 52 62 38 37 90 58 0 87 31 53 30 67 4 88 100 7 76 51 91 7 13 37 55 49 35 88 28 2 5
101 50 11 9 25 8 67 50 6 53 93 29 89 72 78 24 52 47 83 15 12 15 1 90 73 1 84 61 42 52 72 13 19 13 10 92 30 81 50 62 10 42 16 13 74 99 32 21 67 46 45 7 77 28 55 68 95 3 57 31 52 44 53 51 35 33 67 88 43 3 83 47 31 94 92 79 3 77 61 9 84 46 59 43 82 2 54 34 59 13 59 21 1 44 15 17 39 75 37 88 35 9 35 96 94 13 40 16 32 60 76 74 39 17 22 29 62 32 83 37 90 78 77 96 3 92 91 87 0 83 71 8 64 87 82 78 52 92 86 42 8 11 49 35 95 3 20 39 26 26
90 71 81 75 15 86 17 89 53 17 19 56 45 63 7 40 9 90 4 62 53 3 30 68 61 15 22 1 60 6 37 21 20 94 32 28 25 41 93 50 99 10 33 29 40 54 48 30 50 91 47 2 83 38 80 27 72 79 87 26 6 96 32 18 80 99 100 19 67 62 82 19 66 68 78 37 62 84 14 20 32 81 48 95 47 54 33 82 35 39 39 76 76 16 2 72 68 13 59 60 29 36 81 64 30 39 27 68 39 71 32 20 84 40 22 77 48 29 41 17 89 87 100 95 12 65 93 31 83 0 77 70 39 51 77 39 65 43 27 29 33 92 32 50 27 90 90 8 92 4
84 48 43 15 91 64 3 78 55 83 63 40 70 13 41 99 32 5 47 100 95 61 52 35 3 51 85 9 38 3 62 20 93 91 45 76 99 30 51 14 52 36 18 87 78 44 67 70 24 45 10 16 4 94 24 69 24 18 11 7 26 41 68 94 35 9 69 28 2 14 19 64 71 23 7 36 49 45 8 26 15 20 8 21 76 73 33 68 21 79 101 4 31 87 67 50 44 97 98 80 11 97 29 70 14 79 54 30 50 64 7 26 64 70 26 53 14 40 14 98 97 2 34 35 59 73 101 53 71 77 0 72 101 101 23 79 39 72 98 19 29 44 90 7 35 86 28 47 90 54
23 28 58 57 92 62 29 39 78 38 46 80 16 11 83 54 84 83 59 101 87 65 99 48 81 90 41 43 73 65 19 45 62 77 97 49 28 93 50 54 11 47 75 72 59 55 26 13 2 50 96 39 99 5 5 95 100 38 34 66 23 53 68 91 58 6 97 97 37 33 78 45 41 41 2 16 98 93 4 61 7 91 5 79 42 39 8 52 16 72 83 94 32 18 100 43 69 67 24 64 40 25 83 56 8 101 43 15 74 3 70 101 60 22 55 58 81 89 21 73 58 25 73 51 45 17 49 30 8 70 72 0 35 93 56 44 68 95 1 54 83 9 11 10 87 28 79 3 25 19
74 64 18 43 83 33 78 43 39 66 14 67 87 71 43 40 57 78 17 7 66 14 67 69 2 46 20 74 59 26 19 53 42 57 7 58 86 23 87 14 82 89 88 7 24 82 30 19 31 84 11 37 73 20 21 24 76 93 69 50 41 101 48 26 100 52 66 40 39 48 87 66 85 75 75 7 4 74 85 45 40 61 31 15 94 66 37 101 57 70 1 53 56 1 14 76 27 73 86 70 51 39 48 6 69 37 76 87 21 88 36 30 97 92 38 29 90 50 46 36 12 66 81 74 52 50 73 67 64 39 101 35 0 2 85 98 37 97 31 19 60 3 80 80 17 67 67 17 6 40
53 36 90 89 29 68 79 58 86 64 62 60 13 14 30 43 66 65 60 75 60 24 35 6 31 36 35 3 70 54 75 35 27 84 52 69 50 97 79 86 29 91 98 7 58 19 25 66 93 63 8 48 51 95 28 61 54 17 98 90 50 45 97 18 37 86 43 96 43 33 12 25 87 50 36 34 18 97 11 52 86 17 80 54 21 9 97 98 12 20 101 55 36 9 96 65 14 13 12 73 56 54 93 17 52 29 64 26 54 7 87 13 25 57 46 90 11 2 77 43 54 90 35 37 24 15 47 4 87 51 101 93 2 0 21 46 101 17 88 13 30 37 15 17 5 5 87 67 51 99
11 36 39 37 49 64 62 97 56 25 35 13 92 61 33 90 62 63 94 54 95 78 47 24 1 51 77 75 58 68 9 75 37 97 49 44 62 35 93 77 90 101 77 14 64 51 80 74 67 22 16 26 34 100 72 4 58 89 22 68 31 40 33 45 25 33 47 5 98 13 77 8 89 101 41 88 14 43 83 32 21 80 74 44 98 16 42 14 93 41 39 29 67 31 6 25 90 25 61 44 84 61 95 84 86 92 100 21 83 36 54 71 39 92 89 82 2 60 89 62 25 63 9 23 83 83 34 88 82 77 23 56 85 21 0 26 38 32 68 5 2 25 8 10 94 25 24 65 87 90
69 66 60 78 24 38 51 36 8 17 23 93 97 73 29 85 36 35 37 13 75 38 38 96 76 92 53 13 95 74 81 36 98 56 73 80 15 43 80 9 46 35 68 63 23 12 39 4 46 27 46 31 58 12 32 88 46 71 62 67 82 61 87 83 77 27 38 34 36 50 56 1 55 22 29 78 15 26 10 58 58 27 89 59 81 36 85 13 10 26 28 66 36 70 3 49 16 86 90 18 44 24 25 86 26 74 19 13 71 28 40 100 6 69 62 28 48 42 64 68 9 80 91 8 50 59 85 100 78 39 79 44 98 46 26 0 26 6 68 62 24 15 59 20 12 8 49 62 4 39
98 87 92 68 92 97 15 28 59 61 80 26 18 99 1 77 93 5 30 90 28 62 1 81 31 30 37 84 85 87 38 100 67 56 54 72 72 43 2 91 56 22 12 15 73 3 99 63 37 90 17 79 84 71 83 32 95 54 19 83 85 92 61 35 50 101 71 95 14 47 1 17 59 47 40 85 49 1 81 60 37 56 76 97 66 41 71 93 31 88 53 12 29 51 90 2 89 99 51 94 33 96 91 93 64 87 33 19 5 101 17 26 10 37 100 53 42 33 21 11 44 82 68 39 70 91 22 7 52 65 39 68 37 101 38 26 0 38 77 56 71 101 92 97 77 91 80 91 29 22
77 74 25 98 18 54 95 41 26 55 33 56 97 55 72 79 41 40 19 25 66 61 36 66 97 74 77 31 40 51 55 10 42 31 48 92 58 45 45 90 58 26 47 75 23 76 37 70 93 94 79 82 12 38 14 13 64 96 41 57 58 14 19 26 12 27 30 35 60 13 93 30 95 59 19 2 23 26 16 8 59 98 51 91 93 47 97 54 35 11 27 8 96 22 39 16 22 62 46 11 41 55 64 58 1 51 32 58 10 97 25 69 75 48 61 15 81 97 3 76 71 4 13 96 21 22 79 76 92 43 72 95 97 17 32 6 38 0 101 84 81 70 93 65 43 70 55 77 20 70
20 60 66 91 31 98 74 90 91 87 86 63 45 42 75 96 79 59 5 100 32 42 46 32 75 86 31 68 92 36 93 90 48 84 88 99 56 45 94 45 13 88 79 8 59 75 73 93 81 52 29 24 68 96 71 5 34 40 79 30 63 57 25 49 2 9 76 30 83 52 37 49 47 75 34 6 17 29 99 87 76 28 25 26 92 45 29 99 63 79 38 66 101 75 92 72 49 10 10 85 83 74 93 11 31 29 63 5 76 23 50 51 52 50 29 96 18 60 88 3 84 25 44 81 84 76 60 51 86 27 98 1 31 88 68 68 77 101 0 38 45 88 59 26 61 59 42 27 31 57
67 29 45 20 30 81 95 35 23 34 56 72 6 45 99 75 1 75 83 52 51 62 17 93 49 17 31 22 2 3 12 4 66 60 101 31 46 94 37 9 90 87 53 2 77 42 33 23 43 61 54 52 86 55 34 90 95 53 36 6 64 52 59 46 22 6 45 81 18 52 45 3 81 13 86 70 72 10 30 24 29 92 65 21 52 50 91 37 46 69 22 15 4 44 29 101 38 89 96 88 13 57 66 63 51 85 3 33 79 60 23 16 7 36 59 7 93 39 55 28 97 52 35 53 53 83 58 91 42 29 19 54 19 13 5 62 56 84 38 0 46 22 55 39 28 92 25 41 45 71
56 10 75 48 31 85 79 82 75 21 22 52 53 57 31 50 4 34 83 84 71 35 55 48 63 91 94 37 96 73 37 86 62 40 42 37 65 39 57 88 59 30 32 39 77 90 76 48 44 27 50 49 38 78 41 34 79 25 17 23 64 81 37 39 15 41 72 11 44 39 19 73 68 53 60 33 26 9 94 63 18 10 74 25 44 41 7 13 47 69 42 6 53 92 8 99 52 8 84 59 77 65 37 41 2 93 63 41 52 96 10 86 15 3 85 11 59 61 6 10 24 48 96 92 97 19 54 7 8 33 29 83 60 30 2 24 71 81 45 46 0 66 35 57 55 8 96 13 69 18
97 43 48 52 58 29 78 20 74 47 86 33 41 24 2 46 43 34 85 96 99 88 74 44 25 1 78 50 77 87 69 68 46 88 96 52 12 85 48 28 10 18 32 99 101 101 82 78 40 94 7 11 10 28 10 100 82 83 27 39 71 65 13 40 68 15 64 9 100 43 77 78 43 95 85 67 59 69 37 63 94 90 83 8 36 77 23 3 62 92 9 56 70 90 4 90 39 6 61 79 38 27 47 13 1 44 67 70 1 2 35 98 61 1 53 77 50 70 73 1 62 88 20 26 24 82 36 13 11 92 44 9 3 37 25 15 101 70 88 22 66 0 75 97 79 98 3 71 88 60
47 21 25 12 32 74 9 55 5 75 23 36 22 22 58 30 6 29 9 14 54 47 52 8 37 70 89 51 46 17 95 41 94 44 43 41 85 93 2 83 29 66 62 52 77 75 46 89 72 48 86 41 36 67 66 9 65 31 62 96 47 63 85 34 6 36 75 62 100 78 33 100 22 7 42 49 4 45 97 99 23 82 93 71 43 47 8 67 22 27 57 57 84 51 29 42 65 32 2 31 64 71 71 93 52 23 73 87 70 2 44 26 48 83 14 40 16 10 38 23 60 35 62 32 66 3 95 37 49 32 90 11 80 15 8 59 92 93 59 55 35 75 0 87 56 80 53 14 46 39
75 40 26 20 59 6 83 59 91 46 49 31 99 87 10 65 68 78 96 96 101 56 52 7 64 4 8 41 101 3 90 80 92 71 26 70 13 68 84 31 80 25 28 5 99 51 34 85 61 53 4 59 27 45 36 1 83 11 88 80 97 81 85 65 89 33 15 52 70 45 84 70 68 13 17 35 43 39 74 4 98 84 51 60 63 15 32 52 28 71 17 40 1 55 37 89 57 86 49 43 11 22 21 29 50 93 31 24 34 85 7 3 88 8 94 12 40 58 58 31 67 14 59 20 6 88 44 55 35 50 7 10 80 17 10 20 97 65 26 39 57 97 87 0 37 70 84 91 11 70
8 83 3 6 85 41 47 38 28 31 2 53 54 34 38 35 92 16 34 23 66 15 36 90 18 74 55 50 11 23 83 93 68 92 60 12 17 24 54 88 55 60 47 93 93 100 41 50 69 20 13 4 40 89 49 30 84 70 8 60 68 100 90 56 55 40 72 9 30 39 31 83 93 4 46 86 74 54 50 7 73 49 17 101 61 31 61 11 62 5 51 75 11 43 38 73 10 1 77 43 40 66 59 100 50 83 24 35 92 36 97 41 68 14 1 91 85 57 81 44 96 14 64 14 7 52 93 49 95 27 35 87 17 5 94 12 77 43 61 28 55 79 56 37 0 98 19 87 2 3
37 87 35 78 2 5 56 96 81 66 90 87 100 42 41 51 97 56 25 21 26 28 21 90 21 60 94 20 39 61 46 99 92 64 2 49 70 67 91 85 8 29 71 23 11 71 86 44 86 30 24 7 51 89 85 18 8 3 36 35 65 59 80 3 27 67 29 78 100 4 80 38 36 47 82 77 35 101 70 88 101 15 50 13 83 97 52 95 82 73 30 29 93 99 47 12 16 54 9 5 5 72 47 77 14 60 5 42 36 32 83 53 56 80 95 89 91 19 77 94 49 20 29 32 45 17 31 35 3 90 86 28 67 5 25 8 91 70 59 92 8 98 80 70 98 0 98 42 46 86
12 86 89 14 21 60 50 95 86 27 45 15 76 41 2 19 46 4 70 39 27 41 81 73 78 2 70 53 1 59 1 46 74 80 87 1 42 80 27 98 17 17 68 100 67 54 26 53 5 68 57 60 76 98 25 31 23 55 93 66 92 20 48 46 18 20 30 65 59 30 59 86 18 87 4 14 47 20 46 41 83 82 67 47 22 10 22 75 20 68 38 5 26 93 71 41 15 47 1 38 99 64 101 78 21 83 84 81 4 90 82 55 74 85 55 75 64 44 17 73 32 31 74 8 31 1 75 88 20 90 28 79 67 87 24 49 80 55 42 25 96 3 53 84 19 98 0 82 18 94
17 15 37 69 90 95 78 42 13 8 47 6 6 56 80 24 96 55 62 51 21 22 23 4 82 10 42 18 89 18 11 43 11 101 31 52 51 89 32 48 42 92 10 97 41 87 66 7 95 28 53 18 3 88 89 71 9 46 90 58 28 81 81 9 84 12 60 64 15 14 90 5 28 3 20 21 41 47 46 78 71 46 99 48 13 85 35 31 18 65 64 49 94 17 10 81 62 21 5 62 14 45 73 27 3 10 81 76 9 19 94 32 17 41 72 13 13 8 96 14 35 97 55 60 37 98 79 28 39 8 47 3 17 67 65 62 91 77 27 41 13 71 14 91 87 42 82 0 78 81
13 59 91 86 38 27 54 27 52 60 12 1 85 7 53 66 58 32 99 60 37 55 88 16 37 52 93 17 50 43 4 45 62 1 74 19 56 62 30 19 21 53 51 16 41 82 42 97 14 14 18 94 86 82 92 18 28 11 67 59 95 77 62 19 72 96 44 2 71 47 62 4 63 21 96 13 89 100 8 8 70 13 51 88 29 58 52 62 59 2 5 100 58 13 75 66 91 96 93 40 50 2 16 101 94 45 36 67 47 97 94 69 51 24 22 65 9 58 99 45 86 22 46 47 70 56 41 2 26 92 90 25 6 51 87 4 29 20 31 45 69 88 46 11 2 46 18 78 0 89
60 56 17 8 86 67 87 58 12 29 17 35 30 66 50 77 70 12 64 66 57 56 97 80 68 83 37 81 20 93 25 8 76 52 90 96 63 82 63 56 1 53 1 59 59 45 62 70 12 59 29 94 15 68 32 51 70 49 58 68 61 23 78 52 48 44 72 5 22 57 41 78 46 79 74 92 36 89 71 3 81 79 56 97 13 66 17 78 54 80 4 33 41 70 10 45 82 47 72 25 99 84 37 6 86 24 60 15 76 77 33 77 53 99 17 61 2 54 43 2 43 22 82 33 35 55 13 5 26 4 54 19 40 99 90 39 22 70 57 71 18 60 39 70 3 86 94 81 89 0
