0 13 61 50 16 79 10 49 75 10 62 52 6 47 58 21 54 71 5 8 34 4 74 11 32 43 20 12 31 72 83 63 8 90 15 47 4 13 3 58 39 64 74 8 63 41 53 62 72 14 68 36 8 47 92 24 101 36 82 59 22 39 22 66 86 13 52 56 22 55 66 62 35 81 51 33 1 8 15 20 68 48 32 19 101 68 69 54 53 12 43 23 87 95 33 99 59 90 55 8 72 53 75 3 39 96 19 83 72 39 48 14 39 84 58 57 43 30 66 24 22 53 87 46 54 17 58 43 54 31 87 28 87 10 67 86 57 29 44 11 61 28 89 3 3 81 77 64 66 16
13 0 96 6 65 12 11 74 67 54 30 37 32 61 77 90 29 41 20 15 78 30 99 40 44 2 42 1 3 47 4 59 11 46 31 65 69 68 63 47 13 45 80 10 9 73 56 39 1 11 31 88 73 90 80 82 22 40 80 47 96 33 74 79 41 47 62 12 13 74 39 1 67 87 22 20 9 21 86 51 89 62 63 21 37 92 39 7 18 94 12 60 77 87 42 54 26 59 65 9 36 36 7 4 80 14 3 10 36 50 46 10 36 65 7 73 10 72 43 89 26 81 28 55 7 7 35 37 97 91 63 74 46 4 96 66 54 88 53 28 79 19 11 14 96 65 29 80 91 84
61 96 0 67 61 40 82 77 97 69 62 68 49 1 77 67 84 92 53 73 82 44 51 1 79 90 73 45 51 43 28 47 94 66 97 48 98 60 25 83 29 90 90 23 74 23 20 70 55 68 23 69 27 21 89 5 58 31 92 66 5 46 93 95 59 62 31 23 84 84 86 19 74 101 90 40 19 90 82 38 47 84 35 19 77 23 29 76 97 88 23 23 78 20 89 16 3 49 13 67 80 11 9 9 18 3 99 20 94 4 8 2 36 67 59 28 52 92 36 30 12 84 3 45 19 30 98 20 19 99 49 47 88 76 7 1 76 89 85 59 82 11 50 57 68 87 85 50 78 6
50 6 67 0 55 18 60 61 35 56 16 24 69 6 73 68 101 88 86 32 94 49 95 99 43 5 30 89 8 87 49 81 30 56 24 28 94 86 66 91 26 100 75 93 7 71 49 53 22 55 46 7 28 65 91 65 73 97 35 19 20 100 19 36 15 6 19 60 59 4 83 41 83 11 11 76 50 30 16 71 4 71 43 76 78 53 53 15 50 57 13 34 15 38 100 57 90 18 63 63 24 49 25 78 18 54 36 77 3 51 16 61 94 1 33 62 7 24 41 12 60 79 3 48 94 41 9 30 40 93 37 6 89 81 53 38 66 51 55 57 71 60 37 67 69 39 27 35 28 23
16 65 61 55 0 2 40 71 88 91 5 101 89 17 51 56 64 10 67 74 39 59 100 98 10 65 31 11 66 68 26 40 28 61 40 76 9 67 56 2 1 37 11 55 16 92 8 46 11 52 95 98 98 30 95 45 28 42 40 18 6 36 5 54 64 57 71 85 15 54 21 13 45 43 5 38 38 26 42 92 83 38 93 9 37 85 40 32 45 44 60 50 88 75 2 68 76 41 54 47 17 45 48 78 9 74 44 85 7 32 73 62 55 93 85 74 56 85 5 1 56 101 81 85 31 18 16 69 35 69 52 14 85 60 43 95 80 78 33 45 51 18 96 29 61 71 83 76 90 79
79 12 40 18 2 0 81 99 86 70 15 83 95 31 40 30 17 49 40 64 62 85 99 37 34 97 49 22 93 32 28 16 28 74 44 62 99 88 87 25 55 4 64 18 30 71 62 76 46 70 99 16 28 92 60 3 101 96 32 30 47 8 89 75 61 11 38 16 15 30 87 40 34 62 17 83 52 24 69 36 89 14 18 27 46 37 4 60 14 69 75 26 34 33 82 72 58 3 17 93 29 45 24 54 18 70 56 55 54 83 62 34 20 96 71 25 19 59 39 37 64 8 54 86 86 95 82 50 41 50 60 31 48 96 63 92 52 100 61 19 16 19 99 82 91 36 32 4 33 73
10 11 82 60 40 81 0 95 23 28 72 23 54 88 9 43 56 19 82 36 59 81 78 45 81 2 23 34 82 38 12 29 96 66 18 33 96 32 26 32 1 73 74 82 52 101 86 24 65 80 61 77 67 54 90 81 68 32 35 18 65 96 19 49 2 69 98 30 54 89 47 99 71 43 69 95 97 7 40 44 15 39 67 18 46 87 16 53 58 60 23 30 10 51 50 72 12 47 74 9 2 89 82 89 29 15 4 77 51 15 51 46 65 32 46 97 90 11 52 64 37 32 48 4 75 8 74 12 52 46 47 7 50 42 41 23 9 20 5 4 32 65 80 23 30 90 82 54 101 56
49 74 77 61 71 99 95 0 58 29 100 4 33 16 57 6 4 88 81 48 5 63 92 73 59 29 35 75 96 24 23 63 41 77 28 61 89 34 65 25 76 98 60 34 85 57 78 65 45 29 66 3 7 58 25 95 26 88 78 20 99 100 44 75 58 73 67 41 63 33 82 53 45 40 40 28 62 3 64 100 84 78 72 10 37 4 48 51 58 41 35 10 97 42 59 22 62 13 5 79 83 80 40 91 45 24 68 59 27 6 67 38 27 29 74 77 40 47 95 18 94 80 38 6 59 57 34 71 23 73 46 53 1 15 98 95 10 57 46 52 35 75 43 48 46 18 14 12 88 77
75 67 97 35 88 86 23 58 0 57 13 61 42 63 30 53 52 82 88 45 56 44 100 8 69 14 39 41 11 63 64 75 27 63 63 93 43 25 13 8 72 39 55 55 72 9 36 38 33 9 13 88 11 98 13 31 84 61 73 11 85 6 69 7 75 38 70 9 10 37 23 8 80 3 1 17 43 101 49 44 14 25 38 8 26 93 76 35 6 98 67 41 56 17 6 58 29 33 57 77 44 18 41 79 98 76 38 41 55 18 56 77 80 15 46 79 61 5 69 56 79 46 51 43 28 14 61 38 85 80 47 101 22 95 25 25 64 99 81 91 90 18 57 41 8 40 69 54 54 84
10 54 69 56 91 70 28 29 57 0 30 39 21 31 33 15 39 13 23 91 7 53 49 57 66 19 15 25 63 54 95 96 32 20 83 35 94 25 5 37 60 53 65 56 30 44 89 97 95 26 63 23 1 87 86 64 20 32 98 49 98 86 30 86 78 29 36 11 85 19 75 74 9 18 45 80 4 58 8 80 37 36 1 51 48 97 38 8 88 79 55 100 100 57 91 72 14 25 42 90 32 44 5 44 48 19 57 21 2 83 18 77 17 32 51 79 39 35 9 15 77 2 39 39 98 85 94 27 52 23 97 52 49 26 76 4 87 84 88 54 91 54 6 34 60 56 34 53 17 53
62 30 62 16 5 15 72 100 13 30 0 71 47 90 27 87 32 40 18 32 25 12 2 9 7 39 35 82 75 46 14 5 75 28 79 69 19 81 70 93 47 78 73 43 66 8 12 16 55 20 26 56 23 97 54 63 13 15 14 79 27 54 51 26 60 68 71 6 52 68 40 65 98 57 20 45 13 66 55 57 28 11 68 91 72 43 70 84 7 76 16 78 56 83 18 62 31 88 68 73 71 3 4 50 6 12 2 21 96 65 8 79 90 64 4 74 74 86 42 57 56 78 19 80 3 46 67 63 75 56 2 53 33 88 101 51 1 70 52 15 13 35 54 93 26 43 56 29 2 91
52 37 68 24 101 83 23 4 61 39 71 0 31 4 20 5 57 21 30 3 13 17 31 93 10 32 29 8 29 44 22 46 95 17 65 16 45 26 73 59 3 27 46 95 59 96 23 60 82 41 73 61 38 71 87 101 75 25 60 81 28 53 53 88 84 92 26 56 50 18 53 78 37 56 95 10 35 57 26 85 99 25 52 43 13 80 97 30 20 37 8 30 63 89 89 32 50 63 95 10 93 1 94 62 27 19 30 100 41 19 73 10 47 42 82 5 68 99 26 29 68 83 89 38 57 20 8 99 93 56 85 74 78 4 17 5 47 46 17 9 68 44 91 93 79 95 12 82 78 6
6 32 49 69 89 95 54 33 42 21 47 31 0 28 48 77 34 8 17 53 4 97 28 17 13 26 3 43 64 74 11 6 20 41 7 2 53 72 48 26 40 6 100 34 66 67 41 19 3 16 59 47 82 79 21 68 88 27 90 76 49 39 88 25 85 2 73 24 101 45 83 56 69 68 6 27 65 76 58 26 7 74 99 69 55 13 93 69 13 11 66 42 95 94 94 38 59 24 88 12 99 51 13 56 4 76 11 97 48 86 69 91 8 28 3 70 7 52 43 23 59 86 98 58 64 55 21 56 14 83 79 29 90 43 51 6 10 13 44 48 21 97 79 93 34 8 4 57 93 73
47 61 1 6 17 31 88 16 63 31 90 4 28 0 57 22 30 72 50 48 36 12 49 6 57 31 99 88 80 44 100 74 24 53 49 101 56 1 83 13 17 69 85 1 36 59 49 17 55 99 85 32 42 95 91 68 19 51 12 14 55 67 83 20 15 60 40 81 62 93 44 33 58 99 59 71 76 28 79 85 2 40 67 98 68 3 42 80 16 70 15 50 85 17 60 87 84 62 64 31 15 55 88 50 62 24 36 18 82 76 97 96 45 40 71 74 35 42 33 4 99 39 78 82 19 9 92 31 24 8 28 68 87 75 58 96 60 32 51 34 35 6 66 24 67 21 98 101 35 92
58 77 77 73 51 40 9 57 30 33 27 20 48 57 0 96 71 78 6 95 81 27 35 88 2 33 11 29 21 6 69 101 42 37 40 98 17 10 94 26 64 61 90 99 80 85 25 87 36 101 90 88 54 26 47 41 34 60 79 83 91 90 34 58 3 64 5 96 26 87 4 86 100 39 28 22 39 84 68 67 82 18 82 59 30 13 41 75 10 8 26 94 13 27 21 44 4 79 25 4 23 20 21 70 5 86 29 71 46 57 50 60 82 96 26 41 16 36 71 28 59 51 62 50 30 73 17 64 40 91 92 54 2 52 64 83 7 88 95 91 69 63 60 22 10 31 82 74 68 84
21 90 67 68 56 30 43 6 53 15 87 5 77 22 96 0 37 56 44 17 98 61 19 8 82 42 87 12 23 60 41 63 37 80 62 57 58 48 77 99 55 83 63 2 90 27 22 92 92 56 60 13 58 95 49 70 14 98 7 94 86 86 89 98 73 76 44 72 51 25 19 91 27 16 48 85 100 17 57 78 70 24 93 59 60 34 11 23 62 97 9 10 25 85 54 21 49 72 57 78 63 80 62 53 57 33 48 13 46 13 87 91 101 101 74 92 72 28 44 86 19 35 67 88 90 67 18 12 87 62 22 32 57 53 71 16 39 89 23 54 16 98 89 20 94 21 38 10 91 34
54 29 84 101 64 17 56 4 52 39 32 57 34 30 71 37 0 24 8 33 33 66 98 66 23 19 82 93 7 91 40 66 36 55 12 26 46 32 31 20 92 101 61 44 23 56 83 8 99 95 73 2 96 72 41 54 57 39 23 72 37 15 61 64 36 11 2 63 36 41 66 59 11 18 1 4 71 64 53 22 41 8 69 96 25 100 80 81 96 31 9 57 20 36 48 89 26 57 36 36 5 55 2 29 26 53 99 57 18 3 84 16 91 3 23 25 16 54 25 38 32 13 4 79 49 4 6 6 68 5 30 6 11 38 54 75 97 54 20 85 15 7 63 19 43 6 3 78 34 82
71 41 92 88 10 49 19 88 82 13 40 21 8 72 78 56 24 0 63 69 58 20 19 14 66 24 33 101 99 4 26 92 8 74 61 65 40 18 15 73 100 1 38 93 60 95 68 41 18 7 33 88 87 13 74 87 80 24 50 64 61 72 5 36 93 72 43 54 28 35 10 23 100 42 93 71 77 57 40 13 22 95 91 71 77 78 11 35 36 41 91 100 51 8 55 6 43 73 71 87 17 2 22 78 77 72 93 7 32 64 67 97 101 65 73 64 61 66 19 101 22 62 45 16 64 14 9 63 17 50 49 60 6 88 89 42 30 64 78 92 95 97 24 65 16 51 70 69 77 73
5 20 53 86 67 40 82 81 88 23 18 30 17 50 6 44 8 63 0 83 58 34 3 67 43 16 6 4 29 92 53 50 7 35 27 25 13 100 79 12 16 47 15 55 39 23 61 98 64 41 39 34 77 62 20 57 38 86 39 8 81 71 75 79 76 87 46 7 91 58 67 94 4 54 32 32 83 55 78 19 17 4 48 91 22 47 59 53 75 77 9 10 41 75 80 68 70 32 28 75 26 66 13 3 93 30 57 43 42 9 71 48 46 28 15 35 90 22 94 68 65 37 30 57 64 23 5 79 65 34 90 68 73 23 37 7 52 39 13 83 27 70 70 42 99 51 93 84 71 26
8 15 73 32 74 64 36 48 45 91 32 3 53 48 95 17 33 69 83 0 30 63 95 91 3 30 9 87 65 20 12 44 6 77 81 25 64 17 77 90 39 66 8 73 24 88 68 21 64 46 68 1 66 46 34 86 49 91 37 44 64 63 96 49 100 18 23 90 61 1 55 33 8 10 80 55 50 61 78 73 85 89 2 20 57 93 7 41 92 98 87 62 43 71 7 40 72 52 20 78 20 62 38 43 43 14 7 66 7 28 32 63 12 51 89 70 86 16 21 78 47 96 24 76 32 99 72 57 46 45 10 96 15 74 35 99 54 37 9 70 31 52 16 93 86 98 35 58 26 25
34 78 82 94 39 62 59 5 56 7 25 13 4 36 81 98 33 58 58 30 0 76 40 45 59 52 66 67 65 27 36 80 17 20 55 77 64 46 67 60 89 91 29 37 45 26 54 88 64 30 18 48 28 12 82 78 27 24 27 10 55 15 99 53 35 95 96 87 73 37 83 4 57 45 97 41 63 78 46 15 41 53 26 78 40 12 69 35 81 11 24 31 10 77 8 60 65 29 12 78 2 78 94 89 64 76 68 48 28 34 47 51 1 100 21 27 99 37 23 72 91 50 66 86 33 93 51 92 32 97 34 6 3 28 22 47 51 41 93 41 2 42 88 14 19 77 68 59 30 50
4 30 44 49 59 85 81 63 44 53 12 17 97 12 27 61 66 20 34 63 76 0 21 6 53 36 19 75 47 60 21 16 46 79 70 1 76 57 67 7 10 67 45 57 80 43 44 87 95 51 15 1 101 55 10 16 72 44 27 43 38 47 87 51 50 96 29 2 25 21 1 56 73 47 46 5 42 34 35 65 79 59 13 64 23 1 77 63 90 85 46 45 23 75 8 1 32 60 49 53 31 25 15 81 52 44 52 33 54 52 58 69 50 80 36 77 38 6 53 6 24 99 26 70 36 5 80 58 98 10 33 22 71 21 11 2 66 26 39 86 64 69 45 23 50 21 47 9 30 87
74 99 51 95 100 99 78 92 100 49 2 31 28 49 35 19 98 19 3 95 40 21 0 57 43 64 43 32 55 18 81 43 79 15 70 85 82 36 1 97 91 12 9 37 71 58 41 48 60 100 26 71 38 33 56 23 24 11 73 59 88 3 23 62 5 13 88 48 32 17 13 94 28 69 7 64 13 46 58 83 49 91 50 2 98 83 48 90 27 2 41 100 75 43 52 73 5 6 68 78 95 29 91 28 96 84 93 32 29 77 16 57 86 73 89 98 32 41 13 24 58 92 6 77 79 26 15 9 53 22 27 77 100 2 65 47 82 96 12 62 31 54 31 61 20 90 100 46 25 33
11 40 1 99 98 37 45 73 8 57 9 93 17 6 88 8 66 14 67 91 45 6 57 0 41 25 77 6 81 91 44 35 60 7 89 29 13 12 16 43 100 91 99 38 85 60 67 46 40 46 39 75 85 51 34 45 95 24 4 76 36 42 7 74 37 78 89 93 4 27 93 39 23 29 80 74 41 60 29 92 1 51 40 62 10 10 54 51 27 1 50 33 57 74 78 92 89 96 42 59 7 78 41 86 60 92 82 15 89 54 50 54 64 51 81 49 86 80 95 68 2 89 31 59 90 43 89 59 5 10 83 47 86 36 20 98 44 62 85 46 4 28 81 88 97 41 36 68 69 39
32 44 79 43 10 34 81 59 69 66 7 10 13 57 2 82 23 66 43 3 59 53 43 41 0 67 87 30 15 48 51 96 7 41 27 90 96 70 98 95 76 6 35 1 96 45 82 94 2 77 15 20 13 23 75 83 12 49 88 31 65 44 48 43 29 9 58 97 71 21 11 29 64 82 10 46 69 8 57 40 22 66 26 37 22 49 48 11 41 59 64 58 75 75 30 43 22 92 36 26 91 64 87 55 6 44 66 54 93 39 84 46 56 46 55 97 31 24 101 76 96 45 96 84 56 87 40 58 6 20 16 99 48 9 77 84 46 58 52 88 89 37 24 15 68 87 25 78 33 97
43 2 90 5 65 97 2 29 14 19 39 32 26 31 33 42 19 24 16 30 52 36 64 25 67 0 87 3 54 75 15 6 69 16 62 66 8 100 80 34 24 83 52 5 13 3 66 64 77 88 98 31 39 96 61 74 45 62 2 76 41 94 56 91 16 70 98 73 25 16 41 81 17 49 6 18 81 28 32 9 37 58 71 14 94 75 15 62 94 46 2 85 73 71 47 66 100 2 79 7 79 33 64 49 78 36 82 89 77 75 86 78 69 24 15 66 47 8 30 61 51 54 1 53 21 54 64 10 64 53 60 68 56 89 100 67 15 30 61 28 13 34 52 53 100 50 84 87 28 65
20 42 73 30 31 49 23 35 39 15 35 29 3 99 11 87 82 33 6 9 66 19 43 77 87 87 0 75 98 29 7 56 44 62 67 77 3 36 15 97 58 40 31 47 76 1 15 83 14 78 64 100 94 28 88 12 2 75 5 19 81 66 11 79 7 19 5 64 26 12 39 59 6 27 77 29 64 38 73 15 71 89 80 48 7 60 35 41 86 86 16 56 39 16 54 24 7 94 32 71 62 77 28 33 61 24 26 87 51 75 30 50 53 74 8 10 21 34 24 40 37 16 58 29 92 66 7 20 35 85 89 82 17 39 11 83 44 94 64 76 72 2 86 85 55 74 49 24 69 78
12 1 45 89 11 22 34 75 41 25 82 8 43 88 29 12 93 101 4 87 67 75 32 6 30 3 75 0 14 82 69 61 35 81 88 73 87 55 7 87 29 2 99 65 41 33 97 79 66 10 70 35 9 45 37 13 59 101 94 87 93 2 87 34 79 20 57 60 31 72 79 84 58 92 75 100 24 31 9 78 68 16 50 89 19 49 63 91 4 65 85 42 20 101 46 79 92 77 17 82 24 3 36 66 101 34 43 55 38 80 53 32 98 33 57 59 68 14 29 51 19 56 52 96 44 71 17 94 67 20 85 13 63 15 99 87 48 71 45 43 40 80 82 93 81 93 72 21 27 97
31 3 51 8 66 93 82 96 11 63 75 29 64 80 21 23 7 99 29 65 65 47 55 81 15 54 98 14 0 99 62 82 41 73 99 42 8 83 17 101 22 27 91 50 20 57 53 12 27 64 100 53 30 96 16 41 96 14 90 84 14 79 13 94 44 18 24 16 55 43 95 22 42 68 78 4 6 88 68 30 1 91 83 42 74 64 16 71 73 75 32 45 90 98 18 37 63 3 17 72 65 71 16 38 68 42 65 6 19 71 45 73 63 54 14 51 37 27 88 45 65 38 2 88 28 34 44 25 45 1 48 98 70 97 79 61 20 93 7 79 4 2 44 41 45 48 39 95 9 16
72 47 43 87 68 32 38 24 63 54 46 44 74 44 6 60 91 4 92 20 27 60 18 91 48 75 29 82 99 0 10 46 27 62 20 44 45 52 69 92 34 57 44 28 44 7 69 35 8 84 85 14 35 60 80 56 13 100 38 82 44 71 4 65 56 6 4 44 98 54 45 9 37 32 20 70 1 20 86 9 17 31 41 96 67 19 9 21 14 22 48 6 78 61 82 64 85 81 69 74 20 58 37 92 12 33 68 86 83 58 42 13 82 13 33 68 49 2 37 62 3 75 58 21 54 79 18 28 81 100 79 62 11 39 64 55 29 93 16 5 51 50 45 63 19 57 4 36 21 14
83 4 28 49 26 28 12 23 64 95 14 22 11 100 69 41 40 26 53 12 36 21 81 44 51 15 7 69 62 10 0 1 76 82 87 88 24 59 84 17 28 77 59 20 75 68 62 56 9 3 85 96 53 57 8 81 85 85 42 27 43 54 30 99 99 55 75 16 81 40 65 97 38 20 25 69 19 18 43 50 23 5 67 15 73 64 26 12 75 99 2 67 60 34 60 6 1 91 32 4 54 27 81 4 39 20 88 82 71 67 87 88 18 85 64 57 51 85 10 66 43 59 27 89 34 42 66 21 46 17 51 33 21 50 50 34 31 76 68 57 40 95 30 4 95 79 84 25 78 76
63 59 47 81 40 16 29 63 75 96 5 46 6 74 101 63 66 92 50 44 80 16 43 35 96 6 56 61 82 46 1 0 56 93 77 67 65 88 28 67 16 24 81 80 97 100 19 100 14 70 58 66 80 52 45 20 36 19 5 64 12 57 5 14 91 11 51 33 84 72 28 14 88 83 57 45 81 62 95 68 21 47 92 12 33 29 61 94 71 74 21 101 70 60 63 96 97 25 77 79 43 38 90 56 41 40 44 18 4 18 74 84 36 56 76 5 35 19 36 19 11 79 67 18 97 65 67 86 75 41 31 79 44 25 30 32 14 17 7 23 66 46 23 96 99 98 86 101 33 45
8 11 94 30 28 28 96 41 27 32 75 95 20 24 42 37 36 8 7 6 17 46 79 60 7 69 44 35 41 27 76 56 0 88 92 92 36 58 26 44 47 72 77 12 84 53 74 40 41 18 9 35 99 3 78 46 3 30 62 62 21 11 22 55 92 56 57 47 43 75 74 70 43 86 93 40 74 97 71 35 5 61 85 58 63 47 70 31 43 26 33 46 78 84 10 5 96 61 86 101 78 59 52 45 67 41 24 76 18 36 48 42 68 77 77 58 95 30 71 24 39 38 26 30 87 13 71 81 39 45 12 81 35 78 43 27 63 79 19 61 82 1 41 37 98 64 43 51 43 43
90 46 66 56 61 74 66 77 63 20 28 17 41 53 37 80 55 74 35 77 20 79 15 7 41 16 62 81 73 62 82 93 88 0 48 31 56 68 79 93 24 14 22 72 19 72 76 80 16 21 76 57 96 83 13 83 46 58 9 86 89 97 96 60 77 42 64 19 34 93 15 37 3 7 52 53 96 65 67 35 32 80 9 55 46 1 83 95 16 20 69 84 36 87 45 22 58 99 37 11 42 87 28 30 92 34 92 51 48 100 65 91 96 22 88 17 38 58 34 64 50 82 34 66 12 30 86 52 26 20 35 57 73 62 87 4 95 57 80 93 86 101 6 25 7 67 72 32 28 31
15 31 97 24 40 44 18 28 63 83 79 65 7 49 40 62 12 61 27 81 55 70 70 89 27 62 67 88 99 20 87 77 92 48 0 3 4 12 82 46 41 13 30 82 74 96 46 4 31 80 64 68 28 46 93 24 8 39 87 55 48 50 34 49 41 97 74 28 7 76 23 86 99 15 99 63 28 22 20 3 83 35 70 91 27 42 57 86 41 39 45 28 87 19 58 58 15 42 46 46 88 19 48 49 14 68 19 68 62 77 3 83 26 52 46 100 61 3 32 96 29 65 39 33 92 54 37 23 5 66 41 9 76 89 96 92 20 80 93 30 29 2 68 47 31 93 98 77 20 22
47 65 48 28 76 62 33 61 93 35 69 16 2 101 98 57 26 65 25 25 77 1 85 29 90 66 77 73 42 44 88 67 92 31 3 0 79 87 18 71 75 48 36 88 95 1 35 94 28 41 83 6 25 30 63 25 21 37 62 23 91 6 40 74 101 81 43 56 76 10 65 73 77 60 57 97 8 72 87 59 29 90 67 100 87 60 45 21 98 89 61 28 53 70 60 65 50 66 88 54 47 98 7 94 49 29 84 67 21 84 63 90 18 54 76 92 76 60 4 1 14 82 55 69 34 32 29 24 45 22 47 53 14 1 26 54 68 45 63 7 94 12 86 31 72 91 62 43 58 22
4 69 98 94 9 99 96 89 43 94 19 45 53 56 17 58 46 40 13 64 64 76 82 13 96 8 3 87 8 45 24 65 36 56 4 79 0 91 94 40 69 28 65 53 40 52 56 72 40 98 56 46 92 58 20 56 30 14 89 9 45 28 24 22 14 79 67 71 96 70 92 76 74 24 5 34 88 60 72 4 41 81 45 48 61 26 51 72 44 70 61 83 23 33 85 14 78 81 41 65 80 45 92 53 17 6 87 84 19 58 11 51 62 92 59 17 18 17 17 53 51 100 80 63 49 78 38 31 88 60 93 54 94 94 14 56 88 13 29 91 51 44 80 3 28 100 31 10 21 44
13 68 60 86 67 88 32 34 25 25 81 26 72 1 10 48 32 18 100 17 46 57 36 12 70 100 36 55 83 52 59 88 58 68 12 87 91 0 96 53 83 68 56 70 8 37 84 101 20 81 99 95 48 15 58 6 46 32 70 29 77 16 100 73 25 27 24 64 44 20 21 40 59 32 53 14 97 89 81 54 76 2 29 27 34 80 53 48 23 96 41 84 33 4 91 70 14 92 43 26 41 76 98 90 38 40 71 72 67 36 21 75 38 86 90 82 39 96 33 58 27 94 71 22 79 37 42 31 35 61 4 16 68 82 40 90 65 85 34 18 91 36 26 35 37 2 89 30 30 5
3 63 25 66 56 87 26 65 13 5 70 73 48 83 94 77 31 15 79 77 67 67 1 16 98 80 15 7 17 69 84 28 26 79 82 18 94 96 0 17 86 83 70 47 13 94 70 40 72 69 9 19 25 32 85 78 26 39 89 39 55 7 73 23 91 16 74 76 34 83 17 5 97 1 72 1 22 44 67 25 56 89 59 68 10 25 69 24 52 38 43 78 85 75 33 70 65 39 78 41 77 74 93 21 3 33 91 23 5 19 38 63 100 5 2 13 25 64 6 71 24 19 72 99 39 14 46 62 20 6 79 11 17 50 47 2 9 75 54 34 88 5 24 91 29 82 2 70 53 94
58 47 83 91 2 25 32 25 8 37 93 59 26 13 26 99 20 73 12 90 60 7 97 43 95 34 97 87 101 92 17 67 44 93 46 71 40 53 17 0 2 37 53 50 50 66 18 34 44 63 33 94 14 53 9 28 27 74 52 44 63 3 95 93 100 27 57 21 77 34 80 14 47 4 81 27 23 61 75 98 4 3 91 38 18 97 74 60 89 93 87 97 15 69 27 83 72 60 19 26 7 69 8 11 101 44 22 2 80 46 99 79 2 97 42 16 44 79 90 67 78 83 67 93 65 84 82 96 8 45 35 86 12 81 53 32 101 7 8 95 6 82 98 68 18 4 59 24 48 44
39 13 29 26 1 55 1 76 72 60 47 3 40 17 64 55 92 100 16 39 89 10 91 100 76 24 58 29 22 34 28 16 47 24 41 75 69 83 86 2 0 100 62 39 99 35 93 56 64 73 10 64 46 29 68 38 84 19 81 32 78 17 48 69 38 60 58 52 71 55 40 96 65 96 64 39 68 5 23 60 85 75 89 12 78 83 87 83 67 52 56 55 18 46 59 44 67 38 80 88 74 66 97 77 54 40 37 32 10 9 54 57 10 83 59 12 53 93 57 62 30 93 20 100 3 54 8 22 42 73 83 33 89 51 59 17 74 56 90 72 101 96 18 6 58 18 14 51 25 48
64 45 90 100 37 4 73 98 39 53 78 27 6 69 61 83 101 1 47 66 91 67 12 91 6 83 40 2 27 57 77 24 72 14 13 48 28 68 83 37 100 0 6 29 74 66 47 93 28 100 98 61 89 82 12 96 25 21 90 81 7 63 58 70 11 16 42 82 12 17 9 83 101 58 9 15 21 59 10 56 60 11 18 63 76 82 89 9 3 60 11 42 2 48 4 12 51 88 93 58 7 68 62 13 12 26 35 77 70 71 27 83 6 14 86 69 67 82 13 16 37 91 99 94 19 98 2 12 84 73 22 12 85 94 63 97 70 87 6 50 33 95 63 86 4 25 14 81 91 57
74 80 90 75 11 64 74 60 55 65 73 46 100 85 90 63 61 38 15 8 29 45 9 99 35 52 31 99 91 44 59 81 77 22 30 36 65 56 70 53 62 6 0 7 31 78 8 53 10 36 53 9 23 18 98 94 74 87 69 5 83 9 64 95 14 47 74 77 23 20 78 26 92 47 93 20 24 61 60 40 72 55 96 70 73 65 91 58 69 61 57 42 80 32 18 12 60 26 25 20 25 83 3 60 11 6 38 49 77 61 78 63 96 87 52 44 50 56 82 62 86 24 23 5 46 77 17 29 38 49 19 65 62 82 39 89 37 90 65 93 69 40 59 28 101 36 28 35 11 64
8 10 23 93 55 18 82 34 55 56 43 95 34 1 99 2 44 93 55 73 37 57 37 38 1 5 47 65 50 28 20 80 12 72 82 88 53 70 47 50 39 29 7 0 46 42 96 13 70 60 79 84 78 55 4 60 36 96 99 43 101 86 56 16 16 82 4 57 10 21 43 72 28 24 41 15 1 35 41 80 10 95 83 55 97 21 31 15 96 39 36 15 81 49 29 36 72 88 17 13 3 89 2 77 90 58 1 101 94 93 43 37 42 84 45 10 61 15 85 21 46 21 3 11 40 44 13 14 29 49 43 96 95 84 92 8 20 60 4 37 65 68 18 61 42 30 1 40 10 81
63 9 74 7 16 30 52 85 72 30 66 59 66 36 80 90 23 60 39 24 45 80 71 85 96 13 76 41 20 44 75 97 84 19 74 95 40 8 13 50 99 74 31 46 0 31 79 12 71 33 12 48 68 19 58 29 79 91 86 78 73 54 86 84 3 78 44 5 55 11 78 43 5 6 69 4 30 83 37 73 11 32 42 15 14 36 84 60 50 75 34 98 40 47 32 47 18 65 2 98 32 66 2 55 77 56 57 46 44 4 88 27 65 70 37 60 17 63 93 99 85 79 37 73 52 49 57 92 22 91 64 77 5 11 95 81 77 34 81 14 60 6 54 10 49 47 43 60 99 68
41 73 23 71 92 71 101 57 9 44 8 96 67 59 85 27 56 95 23 88 26 43 58 60 45 3 1 33 57 7 68 100 53 72 96 1 52 37 94 66 35 66 78 42 31 0 88 54 16 46 44 15 50 25 40 18 97 73 22 27 85 100 10 14 74 27 3 48 79 85 101 25 66 87 25 8 47 40 74 17 77 80 85 78 58 21 83 48 68 98 87 55 68 100 43 79 18 41 36 55 85 94 61 14 55 49 99 24 15 49 15 1 44 11 41 99 46 66 9 75 91 16 62 66 52 34 89 2 11 16 49 72 43 33 14 61 56 50 33 3 69 83 28 99 33 32 67 51 19 28
53 56 20 49 8 62 86 78 36 89 12 23 41 49 25 22 83 68 61 68 54 44 41 67 82 66 15 97 53 69 62 19 74 76 46 35 56 84 70 18 93 47 8 96 79 88 0 31 45 8 40 30 16 45 31 4 73 23 90 30 64 94 50 56 67 94 51 97 35 66 37 60 88 86 7 70 6 84 10 9 83 87 59 27 63 49 38 79 69 16 31 25 45 48 37 88 63 74 39 53 83 30 8 64 28 77 84 3 69 95 71 96 31 74 10 101 41 17 97 33 22 48 32 30 23 28 94 71 54 56 58 81 17 34 6 16 28 79 92 98 79 21 90 7 5 10 43 44 22 37
62 39 70 53 46 76 24 65 38 97 16 60 19 17 87 92 8 41 98 21 88 87 48 46 94 64 83 79 12 35 56 100 40 80 4 94 72 101 40 34 56 93 53 13 12 54 31 0 72 35 50 9 101 83 40 55 56 36 74 69 98 79 71 5 86 75 32 28 2 51 68 68 38 78 11 36 78 96 20 78 76 25 4 13 75 100 68 81 27 45 49 76 28 23 14 76 23 96 98 36 88 94 27 88 34 12 46 46 64 85 73 89 55 37 82 44 69 1 47 90 25 2 14 18 73 17 40 61 19 100 89 3 57 39 74 75 25 98 55 84 20 10 55 48 99 41 31 40 41 100
72 1 55 22 11 46 65 45 33 95 55 82 3 55 36 92 99 18 64 64 64 95 60 40 2 77 14 66 27 8 9 14 41 16 31 28 40 20 72 44 64 28 10 70 71 16 45 72 0 55 48 49 93 51 7 68 19 37 36 78 18 56 1 82 83 30 15 38 7 71 28 59 58 10 78 28 69 84 63 22 28 30 74 74 81 10 51 95 42 62 5 87 96 40 49 98 28 96 56 98 1 53 79 37 13 66 37 2 35 51 15 91 14 82 100 30 48 66 36 37 86 81 44 30 12 82 52 97 38 88 93 17 26 90 65 96 85 73 85 29 91 90 83 9 60 75 74 72 40 72
14 11 68 55 52 70 80 29 9 26 20 41 16 99 101 56 95 7 41 46 30 51 100 46 77 88 78 10 64 84 3 70 18 21 80 41 98 81 69 63 73 100 36 60 33 46 8 35 55 0 83 96 16 52 75 98 16 91 36 6 45 80 19 29 79 88 35 90 101 55 68 98 84 61 57 49 59 31 20 15 93 25 92 93 21 99 30 53 53 73 84 78 97 43 63 93 31 12 73 1 84 73 59 86 84 46 10 44 27 3 62 6 81 57 11 87 53 6 18 35 35 101 53 54 12 62 22 87 44 70 2 69 62 79 36 10 83 21 39 19 37 54 8 8 62 17 96 19 18 90
68 31 23 46 95 99 61 66 13 63 26 73 59 85 90 60 73 33 39 68 18 15 26 39 15 98 64 70 100 85 85 58 9 76 64 83 56 99 9 33 10 98 53 79 12 44 40 50 48 83 0 24 45 54 53 52 41 80 85 10 16 20 86 47 31 57 41 16 32 43 93 87 94 57 29 77 89 55 11 46 28 88 5 52 44 76 71 74 21 88 16 46 50 93 91 88 59 1 35 37 66 87 11 46 53 84 63 45 6 24 81 46 65 20 8 92 45 82 65 73 27 97 52 57 54 17 22 22 80 75 86 98 10 49 96 22 1 13 4 70 84 98 90 12 39 17 36 58 7 41
36 88 69 7 98 16 77 3 88 23 56 61 47 32 88 13 2 88 34 1 48 1 71 75 20 31 100 35 53 14 96 66 35 57 68 6 46 95 19 94 64 61 9 84 48 15 30 9 49 96 24 0 25 71 68 29 59 44 9 32 35 33 92 8 74 97 40 27 46 40 78 20 44 60 15 87 53 13 12 3 41 24 66 63 3 36 52 70 32 96 50 29 52 14 13 68 24 11 46 23 52 49 41 50 17 74 63 15 12 9 58 37 75 71 33 17 59 59 68 6 77 5 44 68 49 74 85 91 86 56 101 63 48 18 94 62 5 93 73 72 12 85 55 83 51 29 77 19 60 78
8 73 27 28 98 28 67 7 11 1 23 38 82 42 54 58 96 87 77 66 28 101 38 85 13 39 94 9 30 35 53 80 99 96 28 25 92 48 25 14 46 89 23 78 68 50 16 101 93 16 45 25 0 72 9 100 71 93 2 58 22 34 5 83 19 69 81 92 40 54 21 38 35 86 60 46 62 52 96 67 101 8 83 95 78 73 72 51 80 78 95 10 17 76 61 21 13 10 32 34 52 24 81 39 79 16 38 76 33 40 97 20 79 44 36 7 72 94 62 47 29 80 97 9 95 91 69 17 78 29 54 58 90 75 38 23 55 26 49 34 14 24 57 54 93 75 44 15 57 46
47 90 21 65 30 92 54 58 98 87 97 71 79 95 26 95 72 13 62 46 12 55 33 51 23 96 28 45 96 60 57 52 3 83 46 30 58 15 32 53 29 82 18 55 19 25 45 83 51 52 54 71 72 0 74 85 67 35 47 20 28 74 30 33 39 5 66 37 14 43 52 63 84 57 17 91 74 27 26 70 87 6 85 80 7 32 40 1 41 79 67 68 40 41 20 98 27 98 55 38 16 10 80 92 60 99 95 44 45 19 56 28 62 36 81 19 93 38 58 63 56 47 26 67 33 88 2 72 13 10 79 66 2 49 40 74 49 80 39 97 10 66 91 91 7 98 101 21 68 3
92 80 89 91 95 60 90 25 13 86 54 87 21 91 47 49 41 74 20 34 82 10 56 34 75 61 88 37 16 80 8 45 78 13 93 63 20 58 85 9 68 12 98 4 58 40 31 40 7 75 53 68 9 74 0 72 90 6 20 97 33 21 54 29 50 20 18 34 49 19 24 18 51 33 56 5 43 22 61 29 62 49 100 23 85 30 50 39 24 42 77 67 12 61 1 1 71 80 79 78 22 92 42 83 67 86 95 20 84 5 3 49 96 97 63 89 90 3 48 55 83 36 19 77 8 50 15 12 32 99 31 52 90 71 52 63 71 68 48 3 83 9 89 99 1 1 57 93 40 18
24 82 5 65 45 3 81 95 31 64 63 101 68 68 41 70 54 87 57 86 78 16 23 45 83 74 12 13 41 56 81 20 46 83 24 25 56 6 78 28 38 96 94 60 29 18 4 55 68 98 52 29 100 85 72 0 8 69 64 63 12 56 77 83 85 57 73 55 39 82 16 8 74 47 79 1 18 29 90 81 29 16 29 84 16 95 60 44 71 64 17 68 39 26 37 37 78 80 5 76 73 93 71 80 101 34 48 95 49 80 24 27 71 57 20 11 26 46 6 96 4 1 70 77 99 53 88 88 69 67 23 54 90 16 23 51 43 23 23 45 19 20 29 70 43 24 84 66 82 37
101 22 58 73 28 101 68 26 84 20 13 75 88 19 34 14 57 80 38 49 27 72 24 95 12 45 2 59 96 13 85 36 3 46 8 21 30 46 26 27 84 25 74 36 79 97 73 56 19 16 41 59 71 67 90 8 0 41 93 11 97 82 16 8 30 95 3 21 78 74 53 99 69 50 49 47 91 47 5 5 76 34 69 25 81 8 31 49 40 60 31 29 78 4 88 74 59 11 14 24 39 16 40 37 21 2 40 4 26 75 46 30 44 35 101 56 41 70 52 22 80 51 48 86 31 99 13 17 20 75 43 85 7 23 24 71 71 6 29 46 15 27 5 90 23 29 57 98 15 30
36 40 31 97 42 96 32 88 61 32 15 25 27 51 60 98 39 24 86 91 24 44 11 24 49 62 75 101 14 100 85 19 30 58 39 37 14 32 39 74 19 21 87 96 91 73 23 36 37 91 80 44 93 35 6 69 41 0 8 42 60 36 89 68 36 85 11 87 70 70 46 81 9 34 84 43 63 46 6 78 90 5 5 10 90 11 79 46 19 5 72 32 22 15 14 84 64 73 27 77 9 99 94 28 36 24 21 92 13 54 29 24 101 35 58 46 29 34 38 12 33 34 24 55 80 86 4 70 40 17 80 93 80 74 92 26 38 44 64 61 70 62 44 28 22 22 81 35 76 68
82 80 92 35 40 32 35 78 73 98 14 60 90 12 79 7 23 50 39 37 27 27 73 4 88 2 5 94 90 38 42 5 62 9 87 62 89 70 89 52 81 90 69 99 86 22 90 74 36 36 85 9 2 47 20 64 93 8 0 64 40 8 73 25 22 10 90 98 99 77 87 1 76 28 86 11 51 59 1 46 68 61 68 19 47 34 34 83 14 7 18 43 2 77 64 32 59 99 85 31 96 70 100 69 73 89 25 75 24 65 86 26 6 44 40 101 15 55 50 31 54 39 23 41 38 52 75 14 49 68 76 66 95 57 77 47 20 1 21 2 14 4 63 94 22 100 4 14 84 82
59 47 66 19 18 30 18 20 11 49 79 81 76 14 83 94 72 64 8 44 10 43 59 76 31 76 19 87 84 82 27 64 62 86 55 23 9 29 39 44 32 81 5 43 78 27 30 69 78 6 10 32 58 20 97 63 11 42 64 0 53 38 26 79 90 15 17 50 17 36 22 14 69 56 98 46 63 80 47 67 16 42 42 95 23 39 57 76 71 27 98 32 67 47 37 22 100 92 39 11 25 31 31 90 14 45 30 14 44 84 12 6 58 3 50 23 40 73 61 11 100 75 66 57 62 14 69 21 1 63 69 45 12 46 22 10 88 32 9 74 32 3 101 86 76 84 75 96 74 82
22 96 5 20 6 47 65 99 85 98 27 28 49 55 91 86 37 61 81 64 55 38 88 36 65 41 81 93 14 44 43 12 21 89 48 91 45 77 55 63 78 7 83 101 73 85 64 98 18 45 16 35 22 28 33 12 97 60 40 53 0 94 75 49 33 44 14 88 76 6 5 93 12 93 40 93 80 29 27 51 101 42 16 3 14 13 45 70 52 54 11 78 2 15 44 59 26 2 26 48 94 91 97 98 89 66 72 85 101 76 20 4 7 22 33 8 57 46 21 56 28 86 6 87 41 9 36 80 78 95 84 22 53 43 12 67 34 51 56 66 39 36 82 57 81 63 19 21 9 71
39 33 46 100 36 8 96 100 6 86 54 53 39 67 90 86 15 72 71 63 15 47 3 42 44 94 66 2 79 71 54 57 11 97 50 6 28 16 7 3 17 63 9 86 54 100 94 79 56 80 20 33 34 74 21 56 82 36 8 38 94 0 86 86 38 95 68 87 39 23 22 67 10 14 65 41 65 36 63 99 88 87 94 45 76 80 65 42 51 67 18 68 57 29 39 62 47 76 48 20 29 37 53 62 9 67 78 51 9 45 91 81 3 75 76 56 16 18 80 48 39 64 99 35 59 29 39 82 45 80 84 66 63 14 7 67 33 18 31 100 53 99 55 40 45 38 69 92 42 26
22 74 93 19 5 89 19 44 69 30 51 53 88 83 34 89 61 5 75 96 99 87 23 7 48 56 11 87 13 4 30 5 22 96 34 40 24 100 73 95 48 58 64 56 86 10 50 71 1 19 86 92 5 30 54 77 16 89 73 26 75 86 0 56 75 35 74 50 50 37 21 85 42 60 41 60 91 100 27 61 69 85 44 59 22 85 99 92 78 53 9 80 34 100 88 78 20 17 33 87 80 52 99 16 25 30 9 24 69 35 33 85 3 42 99 88 18 95 80 70 79 31 71 65 14 63 83 11 100 93 2 43 85 77 53 64 57 78 78 18 56 43 65 75 5 5 92 47 8 1
66 79 95 36 54 75 49 75 7 86 26 88 25 20 58 98 64 36 79 49 53 51 62 74 43 91 79 34 94 65 99 14 55 60 49 74 22 73 23 93 69 70 95 16 84 14 56 5 82 29 47 8 83 33 29 83 8 68 25 79 49 86 56 0 74 74 93 87 61 51 92 73 11 76 97 63 1 77 91 36 37 9 25 46 16 90 2 90 63 13 74 33 59 80 82 10 24 40 88 45 22 60 68 37 61 39 70 47 31 85 44 60 25 4 92 8 73 54 79 80 5 42 57 75 10 50 43 57 51 40 70 98 24 3 12 35 50 101 8 50 77 12 96 95 91 54 17 65 99 11
86 41 59 15 64 61 2 58 75 78 60 84 85 15 3 73 36 93 76 100 35 50 5 37 29 16 7 79 44 56 99 91 92 77 41 101 14 25 91 100 38 11 14 16 3 74 67 86 83 79 31 74 19 39 50 85 30 36 22 90 33 38 75 74 0 34 94 68 85 95 25 1 87 98 51 57 75 5 37 74 2 44 29 57 87 90 58 21 69 33 30 97 30 79 97 20 54 70 72 31 56 78 75 91 75 59 88 55 82 66 94 4 90 32 4 72 7 49 69 41 74 48 77 7 92 100 59 57 77 80 87 57 96 11 39 9 71 98 74 61 26 80 34 55 43 30 43 52 67 95
13 47 62 6 57 11 69 73 38 29 68 92 2 60 64 76 11 72 87 18 95 96 13 78 9 70 19 20 18 6 55 11 56 42 97 81 79 27 16 27 60 16 47 82 78 27 94 75 30 88 57 97 69 5 20 57 95 85 10 15 44 95 35 74 34 0 43 29 76 70 68 24 6 86 35 20 75 43 94 13 45 62 12 58 39 4 16 36 95 5 32 62 48 63 65 25 42 37 11 82 71 73 10 32 17 24 80 6 39 80 85 85 32 68 72 98 78 89 47 45 51 69 9 40 27 99 57 57 64 89 88 27 61 78 62 68 87 5 15 17 1 66 42 24 86 96 71 44 14 101
52 62 31 19 71 38 98 67 70 36 71 26 73 40 5 44 2 43 46 23 96 29 88 89 58 98 5 57 24 4 75 51 57 64 74 43 67 24 74 57 58 42 74 4 44 3 51 32 15 35 41 40 81 66 18 73 3 11 90 17 14 68 74 93 94 43 0 45 32 20 50 64 14 74 80 42 83 89 82 8 47 92 77 49 86 53 25 50 90 34 62 75 49 90 53 96 91 53 95 63 72 100 96 40 50 11 61 79 72 65 81 74 3 81 80 29 24 72 31 88 73 54 95 9 14 59 37 51 17 80 45 56 77 35 1 66 35 48 83 63 74 32 44 62 37 56 59 101 35 60
56 12 23 60 85 16 30 41 9 11 6 56 24 81 96 72 63 54 7 90 87 2 48 93 97 73 64 60 16 44 16 33 47 19 28 56 71 64 76 21 52 82 77 57 5 48 97 28 38 90 16 27 92 37 34 55 21 87 98 50 88 87 50 87 68 29 45 0 7 101 1 63 4 70 4 53 23 92 65 23 67 86 80 58 98 67 72 26 99 70 13 33 52 62 37 7 52 75 77 31 46 31 98 8 75 58 34 87 37 16 42 67 90 26 62 95 58 52 76 67 10 95 97 86 57 42 101 2 56 34 100 82 74 28 34 74 79 5 69 36 77 52 100 53 19 90 31 52 41 59
22 13 84 59 15 15 54 63 10 85 52 50 101 62 26 51 36 28 91 61 73 25 32 4 71 25 26 31 55 98 81 84 43 34 7 76 96 44 34 77 71 12 23 10 55 79 35 2 7 101 32 46 40 14 49 39 78 70 99 17 76 39 50 61 85 76 32 7 0 73 7 25 101 76 51 8 96 59 33 23 77 2 5 33 60 66 64 29 52 87 1 10 83 92 46 84 82 46 22 81 79 36 48 63 59 23 49 98 29 70 37 81 13 57 91 8 17 3 96 96 24 78 12 4 2 45 56 72 4 26 44 8 69 72 26 62 39 85 81 30 12 12 87 61 66 78 39 6 100 75
55 74 84 4 54 30 89 33 37 19 68 18 45 93 87 25 41 35 58 1 37 21 17 27 21 16 12 72 43 54 40 72 75 93 76 10 70 20 83 34 55 17 20 21 11 85 66 51 71 55 43 40 54 43 19 82 74 70 77 36 6 23 37 51 95 70 20 101 73 0 75 87 56 20 80 90 18 4 40 15 85 79 6 2 13 38 66 25 98 64 34 61 1 40 73 2 29 15 5 66 10 91 5 74 1 98 84 7 20 41 1 66 49 9 69 90 71 4 8 34 73 55 38 41 53 100 45 45 55 57 5 38 59 88 26 13 95 101 90 17 43 20 1 38 16 37 88 2 6 62
66 39 86 83 21 87 47 82 23 75 40 53 83 44 4 19 66 10 67 55 83 1 13 93 11 41 39 79 95 45 65 28 74 15 23 65 92 21 17 80 40 9 78 43 78 101 37 68 28 68 93 78 21 52 24 16 53 46 87 22 5 22 21 92 25 68 50 1 7 75 0 70 45 96 49 55 35 17 71 92 94 87 52 77 34 7 18 83 32 21 54 49 62 37 67 38 98 89 20 68 84 38 45 74 76 68 66 35 50 98 39 59 62 89 46 48 11 62 95 98 11 3 41 15 100 84 52 65 57 17 45 46 39 51 49 51 80 85 58 73 32 48 30 88 95 35 52 3 11 89
62 1 19 41 13 40 99 53 8 74 65 78 56 33 86 91 59 23 94 33 4 56 94 39 29 81 59 84 22 9 97 14 70 37 86 73 76 40 5 14 96 83 26 72 43 25 60 68 59 98 87 20 38 63 18 8 99 81 1 14 93 67 85 73 1 24 64 63 25 87 70 0 16 21 72 1 57 21 24 65 54 57 3 44 77 18 72 1 29 90 48 97 59 83 18 66 67 49 35 43 41 83 35 41 79 82 5 59 90 65 90 62 20 54 63 98 2 14 44 25 77 15 66 77 44 51 33 60 21 56 47 46 8 73 16 44 67 21 58 85 56 82 37 3 28 75 19 40 49 100
35 67 74 83 45 34 71 45 80 9 98 37 69 58 100 27 11 100 4 8 57 73 28 23 64 17 6 58 42 37 38 88 43 3 99 77 74 59 97 47 65 101 92 28 5 66 88 38 58 84 94 44 35 84 51 74 69 9 76 69 12 10 42 11 87 6 14 4 101 56 45 16 0 62 93 31 32 74 4 100 11 53 29 94 50 58 83 50 72 5 27 46 32 47 54 23 72 48 28 60 24 74 35 55 52 24 5 49 73 5 96 45 25 3 85 99 45 31 8 60 61 7 69 38 30 37 2 6 67 67 21 60 60 34 63 98 7 100 9 89 64 76 81 15 58 8 94 64 79 15
81 87 101 11 43 62 43 40 3 18 57 56 68 99 39 16 18 42 54 10 45 47 69 29 82 49 27 92 68 32 20 83 86 7 15 60 24 32 1 4 96 58 47 24 6 87 86 78 10 61 57 60 86 57 33 47 50 34 28 56 93 14 60 76 98 86 74 70 76 20 96 21 62 0 48 63 35 84 72 90 15 96 5 16 98 22 87 12 79 61 99 80 52 64 79 69 30 90 27 99 40 92 40 98 39 14 35 94 47 62 12 56 64 72 86 26 73 18 35 19 54 86 18 47 67 74 43 97 52 5 60 21 53 91 70 62 4 79 94 92 6 86 68 77 4 56 41 76 58 70
51 22 90 11 5 17 69 40 1 45 20 95 6 59 28 48 1 93 32 80 97 46 7 80 10 6 77 75 78 20 25 57 93 52 99 57 5 53 72 81 64 9 93 41 69 25 7 11 78 57 29 15 60 17 56 79 49 84 86 98 40 65 41 97 51 35 80 4 51 80 49 72 93 48 0 8 53 17 70 96 46 24 19 34 9 23 32 69 68 34 46 34 62 90 43 3 69 73 96 74 47 27 39 67 64 67 19 77 16 21 62 76 26 88 76 33 101 28 51 97 91 44 52 29 92 27 24 9 11 20 49 44 92 51 38 89 10 90 61 43 47 3 92 71 93 5 90 21 97 11
33 20 40 76 38 83 95 28 17 80 45 10 27 71 22 85 4 71 32 55 41 5 64 74 46 18 29 100 4 70 69 45 40 53 63 97 34 14 1 27 39 15 20 15 4 8 70 36 28 49 77 87 46 91 5 1 47 43 11 46 93 41 60 63 57 20 42 53 8 90 55 1 31 63 8 0 51 99 20 50 64 83 79 63 27 7 17 45 52 35 45 1 44 92 57 13 88 3 101 61 60 89 70 21 76 90 54 69 1 18 48 50 58 24 49 28 6 7 60 4 40 87 89 81 36 48 37 37 9 25 23 54 16 2 80 83 36 59 94 21 79 84 61 6 55 77 4 67 56 9
1 9 19 50 38 52 97 62 43 4 13 35 65 76 39 100 71 77 83 50 63 42 13 41 69 81 64 24 6 1 19 81 74 96 28 8 88 97 22 23 68 21 24 1 30 47 6 78 69 59 89 53 62 74 43 18 91 63 51 63 80 65 91 1 75 75 83 23 96 18 35 57 32 35 53 51 0 37 18 98 92 88 1 94 61 10 84 94 51 29 55 40 59 53 66 89 90 99 26 94 55 70 27 82 89 27 65 23 82 25 49 70 45 26 92 48 2 51 84 79 42 96 29 58 78 56 88 85 88 17 40 6 101 3 76 46 10 54 11 90 68 29 7 97 65 82 12 65 1 5
8 21 90 30 26 24 7 3 101 58 66 57 76 28 84 17 64 57 55 61 78 34 46 60 8 28 38 31 88 20 18 62 97 65 22 72 60 89 44 61 5 59 61 35 83 40 84 96 84 31 55 13 52 27 22 29 47 46 59 80 29 36 100 77 5 43 89 92 59 4 17 21 74 84 17 99 37 0 88 40 34 48 29 90 64 99 65 86 37 69 94 101 42 88 85 14 57 78 45 57 13 24 98 62 76 56 69 87 3 41 57 51 10 43 101 54 91 8 18 28 76 92 35 47 85 67 19 16 63 33 89 99 40 95 19 98 66 14 78 11 62 84 8 35 95 16 85 32 61 59
15 86 82 16 42 69 40 64 49 8 55 26 58 79 68 57 53 40 78 78 46 35 58 29 57 32 73 9 68 86 43 95 71 67 20 87 72 81 67 75 23 10 60 41 37 74 10 20 63 20 11 12 96 26 61 90 5 6 1 47 27 63 27 91 37 94 82 65 33 40 71 24 4 72 70 20 18 88 0 59 12 91 36 88 5 38 37 28 2 60 91 84 96 41 97 89 17 64 10 25 19 2 47 17 19 96 2 75 64 19 62 67 83 54 18 60 28 37 41 6 63 57 85 56 95 46 31 23 28 64 42 42 31 42 64 92 58 20 70 34 18 85 85 42 91 70 1 3 63 31
20 51 38 71 92 36 44 100 44 80 57 85 26 85 67 78 22 13 19 73 15 65 83 92 40 9 15 78 30 9 50 68 35 35 3 59 4 54 25 98 60 56 40 80 73 17 9 78 22 15 46 3 67 70 29 81 5 78 46 67 51 99 61 36 74 13 8 23 23 15 92 65 100 90 96 50 98 40 59 0 99 15 56 25 3 40 32 56 27 41 33 54 94 74 6 93 85 37 94 88 55 77 52 68 77 63 8 49 77 99 35 7 35 21 91 82 2 21 75 13 50 49 44 6 42 24 99 37 51 101 47 81 98 43 52 8 69 72 3 89 49 51 45 4 98 67 96 60 50 84
68 89 47 4 83 89 15 84 14 37 28 99 7 2 82 70 41 22 17 85 41 79 49 1 22 37 71 68 1 17 23 21 5 32 83 29 41 76 56 4 85 60 72 10 11 77 83 76 28 93 28 41 101 87 62 29 76 90 68 16 101 88 69 37 2 45 47 67 77 85 94 54 11 15 46 64 92 34 12 99 0 13 40 13 66 31 100 76 67 100 37 93 82 66 84 5 25 23 21 24 79 100 61 21 44 99 98 2 34 63 44 22 81 42 84 88 99 37 27 10 40 4 74 17 12 79 90 35 27 100 14 77 82 18 80 96 84 23 30 83 22 33 47 63 44 73 1 57 96 26
48 62 84 71 38 14 39 78 25 36 11 25 74 40 18 24 8 95 4 89 53 59 91 51 66 58 89 16 91 31 5 47 61 80 35 90 81 2 89 3 75 11 55 95 32 80 87 25 30 25 88 24 8 6 49 16 34 5 61 42 42 87 85 9 44 62 92 86 2 79 87 57 53 96 24 83 88 48 91 15 13 0 92 12 15 64 79 47 7 71 81 94 47 49 40 96 10 99 50 22 16 1 32 62 63 63 10 29 67 22 24 19 49 72 101 5 100 42 67 19 96 74 54 10 66 11 18 77 75 1 93 34 63 78 39 57 14 12 71 3 68 6 30 94 59 30 39 22 78 75
32 63 35 43 93 18 67 72 38 1 68 52 99 67 82 93 69 91 48 2 26 13 50 40 26 71 80 50 83 41 67 92 85 9 70 67 45 29 59 91 89 18 96 83 42 85 59 4 74 92 5 66 83 85 100 29 69 5 68 42 16 94 44 25 29 12 77 80 5 6 52 3 29 5 19 79 1 29 36 56 40 92 0 20 58 88 44 36 98 33 25 38 28 10 37 87 36 89 82 89 91 90 19 22 27 35 94 99 13 28 27 6 5 55 60 98 2 54 31 4 42 6 63 82 70 52 31 26 31 41 18 14 51 99 82 9 2 78 45 43 12 91 3 45 96 22 76 99 64 101
19 21 19 76 9 27 18 10 8 51 91 43 69 98 59 59 96 71 91 20 78 64 2 62 37 14 48 89 42 96 15 12 58 55 91 100 48 27 68 38 12 63 70 55 15 78 27 13 74 93 52 63 95 80 23 84 25 10 19 95 3 45 59 46 57 58 49 58 33 2 77 44 94 16 34 63 94 90 88 25 13 12 20 0 7 69 92 2 101 20 99 56 8 62 53 66 36 100 81 45 52 11 93 91 74 66 100 40 31 56 29 47 73 69 11 8 58 40 18 53 20 47 88 83 78 33 61 9 66 24 31 63 83 17 14 101 61 27 52 78 14 34 52 11 54 63 24 58 16 22
101 37 77 78 37 46 46 37 26 48 72 13 55 68 30 60 25 77 22 57 40 23 98 10 22 94 7 19 74 67 73 33 63 46 27 87 61 34 10 18 78 76 73 97 14 58 63 75 81 21 44 3 78 7 85 16 81 90 47 23 14 76 22 16 87 39 86 98 60 13 34 77 50 98 9 27 61 64 5 3 66 15 58 7 0 72 5 68 77 49 84 80 84 12 57 47 41 62 85 78 11 79 10 58 93 1 67 27 74 28 17 81 84 96 101 68 27 64 20 21 23 81 53 67 1 8 53 49 10 61 72 5 36 43 32 63 6 18 45 8 31 6 99 23 86 51 12 15 41 1
68 92 23 53 85 37 87 4 93 97 43 80 13 3 13 34 100 78 47 93 12 1 83 10 49 75 60 49 64 19 64 29 47 1 42 60 26 80 25 97 83 82 65 21 36 21 49 100 10 99 76 36 73 32 30 95 8 11 34 39 13 80 85 90 90 4 53 67 66 38 7 18 58 22 23 7 10 99 38 40 31 64 88 69 72 0 95 49 55 53 47 38 76 20 12 82 56 24 11 26 48 90 58 79 38 14 21 74 68 29 27 94 33 28 38 32 18 6 75 80 38 64 49 41 59 86 96 7 94 25 80 59 22 83 43 27 1 30 75 93 67 50 2 57 74 74 38 67 98 19
69 39 29 53 40 4 16 48 76 38 70 97 93 42 41 11 80 11 59 7 69 77 48 54 48 15 35 63 16 9 26 61 70 83 57 45 51 53 69 74 87 89 91 31 84 83 38 68 51 30 71 52 72 40 50 60 31 79 34 57 45 65 99 2 58 16 25 72 64 66 18 72 83 87 32 17 84 65 37 32 100 79 44 92 5 95 0 54 63 24 22 100 33 38 59 3 27 69 63 13 8 33 14 46 39 42 20 62 16 38 70 22 8 4 1 96 94 22 101 58 79 44 72 87 98 32 92 9 7 64 70 24 88 66 24 5 30 23 42 77 70 73 46 77 49 68 17 62 96 49
54 7 76 15 32 60 53 51 35 8 84 30 69 80 75 23 81 35 53 41 35 63 90 51 11 62 41 91 71 21 12 94 31 95 86 21 72 48 24 60 83 9 58 15 60 48 79 81 95 53 74 70 51 1 39 44 49 46 83 76 70 42 92 90 21 36 50 26 29 25 83 1 50 12 69 45 94 86 28 56 76 47 36 2 68 49 54 0 27 27 17 85 15 51 32 14 70 40 73 48 28 14 36 23 46 31 78 18 12 42 17 73 45 92 24 73 27 13 78 81 33 10 24 73 98 66 73 8 90 55 64 70 93 87 94 71 56 94 88 21 101 78 31 58 98 59 95 62 47 51
53 18 97 50 45 14 58 58 6 88 7 20 13 16 10 62 96 36 75 92 81 90 27 27 41 94 86 4 73 14 75 71 43 16 41 98 44 23 52 89 67 3 69 96 50 68 69 27 42 53 21 32 80 41 24 71 40 19 14 71 52 51 78 63 69 95 90 99 52 98 32 29 72 79 68 52 51 37 2 27 67 7 98 101 77 55 63 27 0 67 40 100 55 73 25 42 99 100 61 68 91 28 75 65 92 45 44 54 81 34 73 63 77 59 86 32 8 28 77 39 61 9 25 2 9 98 89 14 3 69 15 56 45 69 5 92 70 53 56 70 58 97 47 12 91 22 21 55 66 99
12 94 88 57 44 69 60 41 98 79 76 37 11 70 8 97 31 41 77 98 11 85 2 1 59 46 86 65 75 22 99 74 26 20 39 89 70 96 38 93 52 60 61 39 75 98 16 45 62 73 88 96 78 79 42 64 60 5 7 27 54 67 53 13 33 5 34 70 87 64 21 90 5 61 34 35 29 69 60 41 100 71 33 20 49 53 24 27 67 0 77 95 92 43 47 19 62 95 13 19 92 3 48 33 47 28 83 42 37 53 6 38 47 24 67 55 51 1 59 63 82 14 68 13 31 85 57 35 14 99 91 96 90 88 74 10 78 91 77 8 84 30 39 72 43 31 38 91 84 61
43 12 23 13 60 75 23 35 67 55 16 8 66 15 26 9 9 91 9 87 24 46 41 50 64 2 16 85 32 48 2 21 33 69 45 61 61 41 43 87 56 11 57 36 34 87 31 49 5 84 16 50 95 67 77 17 31 72 18 98 11 18 9 74 30 32 62 13 1 34 54 48 27 99 46 45 55 94 91 33 37 81 25 99 84 47 22 17 40 77 0 36 5 13 14 37 26 9 64 61 73 87 85 65 4 48 24 84 42 48 74 91 85 33 96 94 81 51 2 10 65 70 8 89 35 5 101 56 93 35 32 81 79 100 99 16 60 32 83 85 33 17 39 13 52 83 95 54 71 28
23 60 23 34 50 26 30 10 41 100 78 30 42 50 94 10 57 100 10 62 31 45 100 33 58 85 56 42 45 6 67 101 46 84 28 28 83 84 78 97 55 42 42 15 98 55 25 76 87 78 46 29 10 68 67 68 29 32 43 32 78 68 80 33 97 62 75 33 10 61 49 97 46 80 34 1 40 101 84 54 93 94 38 56 80 38 100 85 100 95 36 0 11 58 52 84 16 25 49 8 88 7 4 17 33 59 65 20 76 80 80 40 30 47 63 84 23 17 40 20 3 67 56 15 31 63 94 2 33 23 23 19 71 58 76 2 56 23 61 90 57 58 79 46 35 70 85 21 81 89
87 77 78 15 88 34 10 97 56 100 56 63 95 85 13 25 20 51 41 43 10 23 75 57 75 73 39 20 90 78 60 70 78 36 87 53 23 33 85 15 18 2 80 81 40 68 45 28 96 97 50 52 17 40 12 39 78 22 2 67 2 57 34 59 30 48 49 52 83 1 62 59 32 52 62 44 59 42 96 94 82 47 28 8 84 76 33 15 55 92 5 11 0 85 6 57 84 21 16 99 81 5 76 76 98 93 73 76 90 50 98 94 97 47 72 86 66 56 47 1 80 3 75 76 98 101 41 86 28 35 90 54 1 81 100 43 9 90 81 41 82 58 75 55 52 22 77 92 81 11
95 87 20 38 75 33 51 42 17 57 83 89 94 17 27 85 36 8 75 71 77 75 43 74 75 71 16 101 98 61 34 60 84 87 19 70 33 4 75 69 46 48 32 49 47 100 48 23 40 43 93 14 76 41 61 26 4 15 77 47 15 29 100 80 79 63 90 62 92 40 37 83 47 64 90 92 53 88 41 74 66 49 10 62 12 20 38 51 73 43 13 58 85 0 51 21 88 90 20 2 58 59 13 40 94 36 25 19 82 59 41 86 12 30 49 53 79 42 33 13 7 45 59 94 11 50 13 33 79 80 69 46 77 69 8 34 24 17 99 89 27 19 82 71 82 75 59 45 14 40
33 42 89 100 2 82 50 59 6 91 18 89 94 60 21 54 48 55 80 7 8 8 52 78 30 47 54 46 18 82 60 63 10 45 58 60 85 91 33 27 59 4 18 29 32 43 37 14 49 63 91 13 61 20 1 37 88 14 64 37 44 39 88 82 97 65 53 37 46 73 67 18 54 79 43 57 66 85 97 6 84 40 37 53 57 12 59 32 25 47 14 52 6 51 0 81 9 97 10 2 48 32 18 11 79 56 23 82 79 63 84 61 4 36 69 65 63 27 80 3 76 41 6 5 54 56 44 12 29 53 57 12 23 8 77 49 52 1 45 60 54 26 99 13 87 40 75 42 46 24
99 54 16 57 68 72 72 22 58 72 62 32 38 87 44 21 89 6 68 40 60 1 73 92 43 66 24 79 37 64 6 96 5 22 58 65 14 70 70 83 44 12 12 36 47 79 88 76 98 93 88 68 21 98 1 37 74 84 32 22 59 62 78 10 20 25 96 7 84 2 38 66 23 69 3 13 89 14 89 93 5 96 87 66 47 82 3 14 42 19 37 84 57 21 81 0 51 41 96 53 63 72 3 84 36 73 16 24 18 35 85 90 26 16 45 25 77 26 44 100 95 51 63 99 80 53 17 47 71 25 2 75 63 13 39 42 9 8 10 89 76 27 22 88 8 81 23 68 60 74
59 26 3 90 76 58 12 62 29 14 31 50 59 84 4 49 26 43 70 72 65 32 5 89 22 100 7 92 63 85 1 97 96 58 15 50 78 14 65 72 67 51 60 72 18 18 63 23 28 31 59 24 13 27 71 78 59 64 59 100 26 47 20 24 54 42 91 52 82 29 98 67 72 30 69 88 90 57 17 85 25 10 36 36 41 56 27 70 99 62 26 16 84 88 9 51 0 14 72 24 19 39 37 2 7 16 74 50 47 73 76 49 84 52 47 69 26 37 43 6 95 15 86 28 65 12 43 62 91 33 67 100 8 31 78 28 24 24 31 68 50 94 62 64 36 51 69 86 11 70
90 59 49 18 41 3 47 13 33 25 88 63 24 62 79 72 57 73 32 52 29 60 6 96 92 2 94 77 3 81 91 25 61 99 42 66 81 92 39 60 38 88 26 88 65 41 74 96 96 12 1 11 10 98 80 80 11 73 99 92 2 76 17 40 70 37 53 75 46 15 89 49 48 90 73 3 99 78 64 37 23 99 89 100 62 24 69 40 100 95 9 25 21 90 97 41 14 0 50 97 56 28 59 41 36 36 29 53 28 85 96 34 30 48 96 32 61 26 51 45 35 62 50 41 56 31 61 33 43 58 62 64 60 14 62 61 31 89 89 82 72 74 81 13 67 93 60 31 89 40
55 65 13 63 54 17 74 5 57 42 68 95 88 64 25 57 36 71 28 20 12 49 68 42 36 79 32 17 17 69 32 77 86 37 46 88 41 43 78 19 80 93 25 17 2 36 39 98 56 73 35 46 32 55 79 5 14 27 85 39 26 48 33 88 72 11 95 77 22 5 20 35 28 27 96 101 26 45 10 94 21 50 82 81 85 11 63 73 61 13 64 49 16 20 10 96 72 50 0 53 63 21 28 60 8 29 56 17 28 91 27 7 19 88 83 31 19 17 87 42 7 93 83 20 40 14 44 1 86 66 101 3 57 5 52 62 89 67 88 100 34 13 91 66 11 78 96 76 45 14
8 9 67 63 47 93 9 79 77 90 73 10 12 31 4 78 36 87 75 78 78 53 78 59 26 7 71 82 72 74 4 79 101 11 46 54 65 26 41 26 88 58 20 13 98 55 53 36 98 1 37 23 34 38 78 76 24 77 31 11 48 20 87 45 31 82 63 31 81 66 68 43 60 99 74 61 94 57 25 88 24 22 89 45 78 26 13 48 68 19 61 8 99 2 2 53 24 97 53 0 49 52 65 57 81 83 89 87 46 94 60 81 15 25 71 9 78 22 89 85 88 52 8 20 12 48 37 73 83 48 87 99 76 79 22 30 63 12 18 45 36 19 44 18 99 42 24 91 35 31
72 36 80 24 17 29 2 83 44 32 71 93 99 15 23 63 5 17 26 20 2 31 95 7 91 79 62 24 65 20 54 43 78 42 88 47 80 41 77 7 74 7 25 3 32 85 83 88 1 84 66 52 52 16 22 73 39 9 96 25 94 29 80 22 56 71 72 46 79 10 84 41 24 40 47 60 55 13 19 55 79 16 91 52 11 48 8 28 91 92 73 88 81 58 48 63 19 56 63 49 0 75 70 51 69 98 53 51 52 3 81 91 99 44 72 50 6 34 69 5 70 84 88 68 57 37 28 58 10 52 39 8 24 23 96 10 14 56 47 6 63 54 23 62 84 92 74 18 7 96
53 36 11 49 45 45 89 80 18 44 3 1 51 55 20 80 55 2 66 62 78 25 29 78 64 33 77 3 71 58 27 38 59 87 19 98 45 76 74 69 66 68 83 89 66 94 30 94 53 73 87 49 24 10 92 93 16 99 70 31 91 37 52 60 78 73 100 31 36 91 38 83 74 92 27 89 70 24 2 77 100 1 90 11 79 90 33 14 28 3 87 7 5 59 32 72 39 28 21 52 75 0 64 37 28 27 78 10 64 70 95 19 55 44 54 54 80 4 83 39 6 21 37 51 42 31 67 27 41 43 29 17 91 85 55 7 39 91 55 94 47 85 98 97 20 65 40 30 74 96
75 7 9 25 48 24 82 40 41 5 4 94 13 88 21 62 2 22 13 38 94 15 91 41 87 64 28 36 16 37 81 90 52 28 48 7 92 98 93 8 97 62 3 2 2 61 8 27 79 59 11 41 81 80 42 71 40 94 100 31 97 53 99 68 75 10 96 98 48 5 45 35 35 40 39 70 27 98 47 52 61 32 19 93 10 58 14 36 75 48 85 4 76 13 18 3 37 59 28 65 70 64 0 61 42 3 22 17 87 59 5 49 83 20 40 51 48 8 10 85 78 6 100 31 97 70 51 38 32 69 16 62 93 89 72 101 28 48 52 92 93 61 44 22 74 81 83 26 49 68
3 4 9 78 78 54 89 91 79 44 50 62 56 50 70 53 29 78 3 43 89 81 28 86 55 49 33 66 38 92 4 56 45 30 49 94 53 90 21 11 77 13 60 77 55 14 64 88 37 86 46 50 39 92 83 80 37 28 69 90 98 62 16 37 91 32 40 8 63 74 74 41 55 98 67 21 82 62 17 68 21 62 22 91 58 79 46 23 65 33 65 17 76 40 11 84 2 41 60 57 51 37 61 0 22 93 71 17 79 30 17 37 19 90 62 99 56 96 101 36 75 26 23 98 89 24 10 23 77 71 10 71 77 85 4 45 10 81 14 69 70 44 23 65 36 77 24 55 51 98
39 80 18 18 9 18 29 45 98 48 6 27 4 62 5 57 26 77 93 43 64 52 96 60 6 78 61 101 68 12 39 41 67 92 14 49 17 38 3 101 54 12 11 90 77 55 28 34 13 84 53 17 79 60 67 101 21 36 73 14 89 9 25 61 75 17 50 75 59 1 76 79 52 39 64 76 89 76 19 77 44 63 27 74 93 38 39 46 92 47 4 33 98 94 79 36 7 36 8 81 69 28 42 22 0 53 88 88 90 90 93 16 73 85 29 73 94 101 37 31 99 18 45 14 88 29 77 36 20 70 90 84 70 17 3 60 30 43 81 60 46 26 96 73 87 12 22 17 60 3
96 14 3 54 74 70 15 24 76 19 12 19 76 24 86 33 53 72 30 14 76 44 84 92 44 36 24 34 42 33 20 40 41 34 68 29 6 40 33 44 40 26 6 58 56 49 77 12 66 46 84 74 16 99 86 34 2 24 89 45 66 67 30 39 59 24 11 58 23 98 68 82 24 14 67 90 27 56 96 63 99 63 35 66 1 14 42 31 45 28 48 59 93 36 56 73 16 36 29 83 98 27 3 93 53 0 31 99 30 32 20 82 16 51 54 33 64 19 25 93 22 60 54 71 66 76 89 55 49 43 38 98 14 79 10 35 15 74 39 20 19 13 73 15 98 23 83 81 88 82
19 3 99 36 44 56 4 68 38 57 2 30 11 36 29 48 99 93 57 7 68 52 93 82 66 82 26 43 65 68 88 44 24 92 19 84 87 71 91 22 37 35 38 1 57 99 84 46 37 10 63 63 38 95 95 48 40 21 25 30 72 78 9 70 88 80 61 34 49 84 66 5 5 35 19 54 65 69 2 8 98 10 94 100 67 21 20 78 44 83 24 65 73 25 23 16 74 29 56 89 53 78 22 71 88 31 0 81 42 40 96 76 21 63 91 61 70 100 7 64 36 48 16 92 78 44 42 23 49 51 77 50 15 55 97 19 47 25 81 81 41 21 7 35 22 40 69 60 99 81
83 10 20 77 85 55 77 59 41 21 21 100 97 18 71 13 57 7 43 66 48 33 32 15 54 89 87 55 6 86 82 18 76 51 68 67 84 72 23 2 32 77 49 101 46 24 3 46 2 44 45 15 76 44 20 95 4 92 75 14 85 51 24 47 55 6 79 87 98 7 35 59 49 94 77 69 23 87 75 49 2 29 99 40 27 74 62 18 54 42 84 20 76 19 82 24 50 53 17 87 51 10 17 17 88 99 81 0 72 77 66 60 59 95 31 5 57 44 59 50 71 14 78 29 88 91 61 11 54 15 90 86 57 12 76 87 80 25 5 74 73 77 49 60 36 44 33 11 68 71
72 36 94 3 7 54 51 27 55 2 96 41 48 82 46 46 18 32 42 7 28 54 29 89 93 77 51 38 19 83 71 4 18 48 62 21 19 67 5 80 10 70 77 94 44 15 69 64 35 27 6 12 33 45 84 49 26 13 24 44 101 9 69 31 82 39 72 37 29 20 50 90 73 47 16 1 82 3 64 77 34 67 13 31 74 68 16 12 81 37 42 76 90 82 79 18 47 28 28 46 52 64 87 79 90 30 42 72 0 76 20 73 21 46 19 56 38 1 83 38 72 35 33 53 32 64 57 90 34 74 19 34 89 80 65 21 21 79 50 63 90 94 21 66 100 84 21 89 16 4
39 50 4 51 32 83 15 6 18 83 65 19 86 76 57 13 3 64 9 28 34 52 77 54 39 75 75 80 71 58 67 18 36 100 77 84 58 36 19 46 9 71 61 93 4 49 95 85 51 3 24 9 40 19 5 80 75 54 65 84 76 45 35 85 66 80 65 16 70 41 98 65 5 62 21 18 25 41 19 99 63 22 28 56 28 29 38 42 34 53 48 80 50 59 63 35 73 85 91 94 3 70 59 30 90 32 40 77 76 0 25 23 60 43 77 101 22 57 70 25 26 87 14 16 54 80 60 31 19 58 59 77 39 26 82 63 15 6 3 27 11 40 47 18 96 68 7 18 1 22
48 46 8 16 73 62 51 67 56 18 8 73 69 97 50 87 84 67 71 32 47 58 16 50 84 86 30 53 45 42 87 74 48 65 3 63 11 21 38 99 54 27 78 43 88 15 71 73 15 62 81 58 97 56 3 24 46 29 86 12 20 91 33 44 94 85 81 42 37 1 39 90 96 12 62 48 49 57 62 35 44 24 27 29 17 27 70 17 73 6 74 80 98 41 84 85 76 96 27 60 81 95 5 17 93 20 96 66 20 25 0 10 37 28 81 12 94 90 22 24 88 78 57 100 70 64 33 29 28 100 9 33 93 38 46 45 78 73 72 43 69 77 27 25 68 85 61 101 44 55
14 10 2 61 62 34 46 38 77 77 79 10 91 96 60 91 16 97 48 63 51 69 57 54 46 78 50 32 73 13 88 84 42 91 83 90 51 75 63 79 57 83 63 37 27 1 96 89 91 6 46 37 20 28 49 27 30 24 26 6 4 81 85 60 4 85 74 67 81 66 59 62 45 56 76 50 70 51 67 7 22 19 6 47 81 94 22 73 63 38 91 40 94 86 61 90 49 34 7 81 91 19 49 37 16 82 76 60 73 23 10 0 80 42 1 43 81 34 41 24 47 88 56 67 58 57 24 76 73 88 11 30 41 28 30 66 56 58 46 32 23 16 68 43 6 93 21 11 73 3
39 36 36 94 55 20 65 27 80 17 90 47 8 45 82 101 91 101 46 12 1 50 86 64 56 69 53 98 63 82 18 36 68 96 26 18 62 38 100 2 10 6 96 42 65 44 31 55 14 81 65 75 79 62 96 71 44 101 6 58 7 3 3 25 90 32 3 90 13 49 62 20 25 64 26 58 45 10 83 35 81 49 5 73 84 33 8 45 77 47 85 30 97 12 4 26 84 30 19 15 99 55 83 19 73 16 21 59 21 60 37 80 0 98 21 19 40 17 93 24 5 84 24 57 81 66 58 57 83 61 100 50 86 20 94 41 38 15 38 48 38 57 43 71 68 72 8 25 56 24
84 65 67 1 93 96 32 29 15 32 64 42 28 40 96 101 3 65 28 51 100 80 73 51 46 24 74 33 54 13 85 56 77 22 52 54 92 86 5 97 83 14 87 84 70 11 74 37 82 57 20 71 44 36 97 57 35 35 44 3 22 75 42 4 32 68 81 26 57 9 89 54 3 72 88 24 26 43 54 21 42 72 55 69 96 28 4 92 59 24 33 47 47 30 36 16 52 48 88 25 44 44 20 90 85 51 63 95 46 43 28 42 98 0 91 64 13 7 76 75 21 79 98 92 22 64 10 39 46 7 34 52 13 39 100 6 26 51 92 97 49 36 28 18 67 63 19 33 65 23
58 7 59 33 85 71 46 74 46 51 4 82 3 71 26 74 23 73 15 89 21 36 89 81 55 15 8 57 14 33 64 76 77 88 46 76 59 90 2 42 59 86 52 45 37 41 10 82 100 11 8 33 36 81 63 20 101 58 40 50 33 76 99 92 4 72 80 62 91 69 46 63 85 86 76 49 92 101 18 91 84 101 60 11 101 38 1 24 86 67 96 63 72 49 69 45 47 96 83 71 72 54 40 62 29 54 91 31 19 77 81 1 21 91 0 76 98 91 89 32 8 58 42 73 89 44 99 66 78 85 17 70 67 32 20 29 86 30 7 60 48 75 47 88 101 86 24 5 71 49
57 73 28 62 74 25 97 77 79 79 74 5 70 74 41 92 25 64 35 70 27 77 98 49 97 66 10 59 51 68 57 5 58 17 100 92 17 82 13 16 12 69 44 10 60 99 101 44 30 87 92 17 7 19 89 11 56 46 101 23 8 56 88 8 72 98 29 95 8 90 48 98 99 26 33 28 48 54 60 82 88 5 98 8 68 32 96 73 32 55 94 84 86 53 65 25 69 32 31 9 50 54 51 99 73 33 61 5 56 101 12 43 19 64 76 0 73 76 82 41 5 58 7 100 15 10 68 74 101 27 61 31 9 52 13 83 25 38 17 30 89 99 76 76 82 58 22 40 49 37
43 10 52 7 56 19 90 40 61 39 74 68 7 35 16 72 16 61 90 86 99 38 32 86 31 47 21 68 37 49 51 35 95 38 61 76 18 39 25 44 53 67 50 61 17 46 41 69 48 53 45 59 72 93 90 26 41 29 15 40 57 16 18 73 7 78 24 58 17 71 11 2 45 73 101 6 2 91 28 2 99 100 2 58 27 18 94 27 8 51 81 23 66 79 63 77 26 61 19 78 6 80 48 56 94 64 70 57 38 22 94 81 40 13 98 73 0 100 25 25 32 49 16 32 46 41 67 83 11 30 101 80 66 46 34 41 71 25 80 27 72 73 34 94 68 19 3 100 29 31
30 72 92 24 85 59 11 47 5 35 86 99 52 42 36 28 54 66 22 16 37 6 41 80 24 8 34 14 27 2 85 19 30 58 3 60 17 96 64 79 93 82 56 15 63 66 17 1 66 6 82 59 94 38 3 46 70 34 55 73 46 18 95 54 49 89 72 52 3 4 62 14 31 18 28 7 51 8 37 21 37 42 54 40 64 6 22 13 28 1 51 17 56 42 27 26 37 26 17 22 34 4 8 96 101 19 100 44 1 57 90 34 17 7 91 76 100 0 80 99 99 18 9 56 80 11 2 18 7 75 12 99 7 100 97 12 71 10 12 79 42 94 51 41 49 78 93 25 90 58
66 43 36 41 5 39 52 95 69 9 42 26 43 33 71 44 25 19 94 21 23 53 13 95 101 30 24 29 88 37 10 36 71 34 32 4 17 33 6 90 57 13 82 85 93 9 97 47 36 18 65 68 62 58 48 6 52 38 50 61 21 80 80 79 69 47 31 76 96 8 95 44 8 35 51 60 84 18 41 75 27 67 31 18 20 75 101 78 77 59 2 40 47 33 80 44 43 51 87 89 69 83 10 101 37 25 7 59 83 70 22 41 93 76 89 82 25 80 0 21 58 28 63 33 54 20 60 94 68 30 94 69 92 33 20 18 41 99 68 35 84 97 30 72 16 80 54 17 58 41
24 89 30 12 1 37 64 18 56 15 57 29 23 4 28 86 38 101 68 78 72 6 24 68 76 61 40 51 45 62 66 19 24 64 96 1 53 58 71 67 62 16 62 21 99 75 33 90 37 35 73 6 47 63 55 96 22 12 31 11 56 48 70 80 41 45 88 67 96 34 98 25 60 19 97 4 79 28 6 13 10 19 4 53 21 80 58 81 39 63 10 20 1 13 3 100 6 45 42 85 5 39 85 36 31 93 64 50 38 25 24 24 24 75 32 41 25 99 21 0 50 77 43 79 73 80 30 14 17 82 101 36 49 29 50 28 98 19 77 8 41 51 22 94 39 26 100 56 81 26
22 26 12 60 56 64 37 94 79 77 56 68 59 99 59 19 32 22 65 47 91 24 58 2 96 51 37 19 65 3 43 11 39 50 29 14 51 27 24 78 30 37 86 46 85 91 22 25 86 35 27 77 29 56 83 4 80 33 54 100 28 39 79 5 74 51 73 10 24 73 11 77 61 54 91 40 42 76 63 50 40 96 42 20 23 38 79 33 61 82 65 3 80 7 76 95 95 35 7 88 70 6 78 75 99 22 36 71 72 26 88 47 5 21 8 5 32 99 58 50 0 5 24 98 50 95 60 95 43 72 48 73 83 33 62 16 34 94 75 1 87 4 54 101 85 61 84 20 67 47
53 81 84 79 101 8 32 80 46 2 78 83 86 39 51 35 13 62 37 96 50 99 92 89 45 54 16 56 38 75 59 79 38 82 65 82 100 94 19 83 93 91 24 21 79 16 48 2 81 101 97 5 80 47 36 1 51 34 39 75 86 64 31 42 48 69 54 95 78 55 3 15 7 86 44 87 96 92 57 49 4 74 6 47 81 64 44 10 9 14 70 67 3 45 41 51 15 62 93 52 84 21 6 26 18 60 48 14 35 87 78 88 84 79 58 58 49 18 28 77 5 0 32 87 14 94 9 68 25 89 3 44 25 78 39 78 57 37 28 87 1 35 73 64 65 101 78 51 52 71
87 28 3 3 81 54 48 38 51 39 19 89 98 78 62 67 4 45 30 24 66 26 6 31 96 1 58 52 2 58 27 67 26 34 39 55 80 71 72 67 20 99 23 3 37 62 32 14 44 53 52 44 97 26 19 70 48 24 23 66 6 99 71 57 77 9 95 97 12 38 41 66 69 18 52 89 29 35 85 44 74 54 63 88 53 49 72 24 25 68 8 56 75 59 6 63 86 50 83 8 88 37 100 23 45 54 16 78 33 14 57 56 24 98 42 7 16 9 63 43 24 32 0 59 87 76 32 7 59 100 14 17 82 97 73 59 2 90 30 79 77 35 95 26 57 75 11 48 30 74
46 55 45 48 85 86 4 6 43 39 80 38 58 82 50 88 79 16 57 76 86 70 77 59 84 53 29 96 88 21 89 18 30 66 33 69 63 22 99 93 100 94 5 11 73 66 30 18 30 54 57 68 9 67 77 77 86 55 41 57 87 35 65 75 7 40 9 86 4 41 15 77 38 47 29 81 58 47 56 6 17 10 82 83 67 41 87 73 2 13 89 15 76 94 5 99 28 41 20 20 68 51 31 98 14 71 92 29 53 16 100 67 57 92 73 100 32 56 33 79 98 87 59 0 76 49 59 88 101 78 10 24 18 20 39 36 6 47 62 29 61 90 72 35 60 17 24 32 47 76
54 7 19 94 31 86 75 59 28 98 3 57 64 19 30 90 49 64 64 32 33 36 79 90 56 21 92 44 28 54 34 97 87 12 92 34 49 79 39 65 3 19 46 40 52 52 23 73 12 12 54 49 95 33 8 99 31 80 38 62 41 59 14 10 92 27 14 57 2 53 100 44 30 67 92 36 78 85 95 42 12 66 70 78 1 59 98 98 9 31 35 31 98 11 54 80 65 56 40 12 57 42 97 89 88 66 78 88 32 54 70 58 81 22 89 15 46 80 54 73 50 14 87 76 0 101 38 78 51 22 71 86 98 75 67 67 88 12 54 75 33 74 96 50 5 49 95 45 17 81
17 7 30 41 18 95 8 57 14 85 46 20 55 9 73 67 4 14 23 99 93 5 26 43 87 54 66 71 34 79 42 65 13 30 54 32 78 37 14 84 54 98 77 44 49 34 28 17 82 62 17 74 91 88 50 53 99 86 52 14 9 29 63 50 100 99 59 42 45 100 84 51 37 74 27 48 56 67 46 24 79 11 52 33 8 86 32 66 98 85 5 63 101 50 56 53 12 31 14 48 37 31 70 24 29 76 44 91 64 80 64 57 66 64 44 10 41 11 20 80 95 94 76 49 101 0 72 56 1 75 71 97 11 58 67 33 38 51 17 52 97 86 7 47 84 21 45 76 5 34
58 35 98 9 16 82 74 34 61 94 67 8 21 92 17 18 6 9 5 72 51 80 15 89 40 64 7 17 44 18 66 67 71 86 37 29 38 42 46 82 8 2 17 13 57 89 94 40 52 22 22 85 69 2 15 88 13 4 75 69 36 39 83 43 59 57 37 101 56 45 52 33 2 43 24 37 88 19 31 99 90 18 31 61 53 96 92 73 89 57 101 94 41 13 44 17 43 61 44 37 28 67 51 10 77 89 42 61 57 60 33 24 58 10 99 68 67 2 60 30 60 9 32 59 38 72 0 30 68 40 10 65 35 66 25 4 95 62 38 57 58 64 19 65 83 67 81 84 12 19
43 37 20 30 69 50 12 71 38 27 63 99 56 31 64 12 6 63 79 57 92 58 9 59 58 10 20 94 25 28 21 86 81 52 23 24 31 31 62 96 22 12 29 14 92 2 71 61 97 87 22 91 17 72 12 88 17 70 14 21 80 82 11 57 57 57 51 2 72 45 65 60 6 97 9 37 85 16 23 37 35 77 26 9 49 7 9 8 14 35 56 2 86 33 12 47 62 33 1 73 58 27 38 23 36 55 23 11 90 31 29 76 57 39 66 74 83 18 94 14 95 68 7 88 78 56 30 0 25 25 60 63 35 54 78 100 68 34 18 52 45 16 6 81 51 30 61 49 61 83
54 97 19 40 35 41 52 23 85 52 75 93 14 24 40 87 68 17 65 46 32 98 53 5 6 64 35 67 45 81 46 75 39 26 5 45 88 35 20 8 42 84 38 29 22 11 54 19 38 44 80 86 78 13 32 69 20 40 49 1 78 45 100 51 77 64 17 56 4 55 57 21 67 52 11 9 88 63 28 51 27 75 31 66 10 94 7 90 3 14 93 33 28 79 29 71 91 43 86 83 10 41 32 77 20 49 49 54 34 19 28 73 83 46 78 101 11 7 68 17 43 25 59 101 51 1 68 25 0 52 83 60 100 3 14 16 3 15 98 94 94 13 76 47 54 70 96 93 100 87
31 91 99 93 69 50 46 73 80 23 56 56 83 8 91 62 5 50 34 45 97 10 22 10 20 53 85 20 1 100 17 41 45 20 66 22 60 61 6 45 73 73 49 49 91 16 56 100 88 70 75 56 29 10 99 67 75 17 68 63 95 80 93 40 80 89 80 34 26 57 17 56 67 5 20 25 17 33 64 101 100 1 41 24 61 25 64 55 69 99 35 23 35 80 53 25 33 58 66 48 52 43 69 71 70 43 51 15 74 58 100 88 61 7 85 27 30 75 30 82 72 89 100 78 22 75 40 25 52 0 87 5 59 39 32 57 7 70 53 66 31 12 44 51 91 39 62 61 72 27
87 63 49 37 52 60 47 46 47 97 2 85 79 28 92 22 30 49 90 10 34 33 27 83 16 60 89 85 48 79 51 31 12 35 41 47 93 4 79 35 83 22 19 43 64 49 58 89 93 2 86 101 54 79 31 23 43 80 76 69 84 84 2 70 87 88 45 100 44 5 45 47 21 60 49 23 40 89 42 47 14 93 18 31 72 80 70 64 15 91 32 23 90 69 57 2 67 62 101 87 39 29 16 10 90 38 77 90 19 59 9 11 100 34 17 61 101 12 94 101 48 3 14 10 71 71 10 60 83 87 0 94 93 2 60 84 95 101 77 94 100 67 93 56 42 85 22 61 8 98
28 74 47 6 14 31 7 53 101 52 53 74 29 68 54 32 6 60 68 96 6 22 77 47 99 68 82 13 98 62 33 79 81 57 9 53 54 16 11 86 33 12 65 96 77 72 81 3 17 69 98 63 58 66 52 54 85 93 66 45 22 66 43 98 57 27 56 82 8 38 46 46 60 21 44 54 6 99 42 81 77 34 14 63 5 59 24 70 56 96 81 19 54 46 12 75 100 64 3 99 8 17 62 71 84 98 50 86 34 77 33 30 50 52 70 31 80 99 69 36 73 44 17 24 86 97 65 63 60 5 94 0 41 59 101 78 36 56 62 2 36 96 100 64 44 47 100 82 42 34
87 46 88 89 85 48 50 1 22 49 33 78 90 87 2 57 11 6 73 15 3 71 100 86 48 56 17 63 70 11 21 44 35 73 76 14 94 68 17 12 89 85 62 95 5 43 17 57 26 62 10 48 90 2 90 90 7 80 95 12 53 63 85 24 96 61 77 74 69 59 39 8 60 53 92 16 101 40 31 98 82 63 51 83 36 22 88 93 45 90 79 71 1 77 23 63 8 60 57 76 24 91 93 77 70 14 15 57 89 39 93 41 86 13 67 9 66 7 92 49 83 25 82 18 98 11 35 35 100 59 93 41 0 28 44 80 55 60 24 38 76 95 29 68 40 100 65 73 35 100
10 4 76 81 60 96 42 15 95 26 88 4 43 75 52 53 38 88 23 74 28 21 2 36 9 89 39 15 97 39 50 25 78 62 89 1 94 82 50 81 51 94 82 84 11 33 34 39 90 79 49 18 75 49 71 16 23 74 57 46 43 14 77 3 11 78 35 28 72 88 51 73 34 91 51 2 3 95 42 43 18 78 99 17 43 83 66 87 69 88 100 58 81 69 8 13 31 14 5 79 23 85 89 85 17 79 55 12 80 26 38 28 20 39 32 52 46 100 33 29 33 78 97 20 75 58 66 54 3 39 2 59 28 0 98 30 1 35 55 5 40 36 20 44 79 55 101 22 76 1
67 96 7 53 43 63 41 98 25 76 101 17 51 58 64 71 54 89 37 35 22 11 65 20 77 100 11 99 79 64 50 30 43 87 96 26 14 40 47 53 59 63 39 92 95 14 6 74 65 36 96 94 38 40 52 23 24 92 77 22 12 7 53 12 39 62 1 34 26 26 49 16 63 70 38 80 76 19 64 52 80 39 82 14 32 43 24 94 5 74 99 76 100 8 77 39 78 62 52 22 96 55 72 4 3 10 97 76 65 82 46 30 94 100 20 13 34 97 20 50 62 39 73 39 67 67 25 78 14 32 60 101 44 98 0 49 69 49 42 37 6 47 8 16 84 16 22 75 38 24
86 66 1 38 95 92 23 95 25 4 51 5 6 96 83 16 75 42 7 99 47 2 47 98 84 67 83 87 61 55 34 32 27 4 92 54 56 90 2 32 17 97 89 8 81 61 16 75 96 10 22 62 23 74 63 51 71 26 47 10 67 67 64 35 9 68 66 74 62 13 51 44 98 62 89 83 46 98 92 8 96 57 9 101 63 27 5 71 92 10 16 2 43 34 49 42 28 61 62 30 10 7 101 45 60 35 19 87 21 63 45 66 41 6 29 83 41 12 18 28 16 78 59 36 67 33 4 100 16 57 84 78 80 30 49 0 69 24 33 30 74 70 49 95 39 13 69 9 40 46
57 54 76 66 80 52 9 10 64 87 1 47 10 60 7 39 97 30 52 54 51 66 82 44 46 15 44 48 20 29 31 14 63 95 20 68 88 65 9 101 74 70 37 20 77 56 28 25 85 83 1 5 55 49 71 43 71 38 20 88 34 33 57 50 71 87 35 79 39 95 80 67 7 4 10 36 10 66 58 69 84 14 2 61 6 1 30 56 70 78 60 56 9 24 52 9 24 31 89 63 14 39 28 10 30 15 47 80 21 15 78 56 38 26 86 25 71 71 41 98 34 57 2 6 88 38 95 68 3 7 95 36 55 1 69 69 0 73 61 80 101 68 47 73 64 64 48 5 44 73
29 88 89 51 78 100 20 57 99 84 70 46 13 32 88 89 54 64 39 37 41 26 96 62 58 30 94 71 93 93 76 17 79 57 80 45 13 85 75 7 56 87 90 60 34 50 79 98 73 21 13 93 26 80 68 23 6 44 1 32 51 18 78 101 98 5 48 5 85 101 85 21 100 79 90 59 54 14 20 72 23 12 78 27 18 30 23 94 53 91 32 23 90 17 1 8 24 89 67 12 56 91 48 81 43 74 25 25 79 6 73 58 15 51 30 38 25 10 99 19 94 37 90 47 12 51 62 34 15 70 101 56 60 35 49 24 73 0 19 41 92 70 54 93 62 32 36 75 51 40
44 53 85 55 33 61 5 46 81 88 52 17 44 51 95 23 20 78 13 9 93 39 12 85 52 61 64 45 7 16 68 7 19 80 93 63 29 34 54 8 90 6 65 4 81 33 92 55 85 39 4 73 49 39 48 23 29 64 21 9 56 31 78 8 74 15 83 69 81 90 58 58 9 94 61 94 11 78 70 3 30 71 45 52 45 75 42 88 56 77 83 61 81 99 45 10 31 89 88 18 47 55 52 14 81 39 81 5 50 3 72 46 38 92 7 17 80 12 68 77 75 28 30 62 54 17 38 18 98 53 77 62 24 55 42 33 61 19 0 22 76 47 5 69 30 83 73 15 69 95
11 28 59 57 45 19 4 52 91 54 15 9 48 34 91 54 85 92 83 70 41 86 62 46 88 28 76 43 79 5 57 23 61 93 30 7 91 18 34 95 72 50 93 37 14 3 98 84 29 19 70 72 34 97 3 45 46 61 2 74 66 100 18 50 61 17 63 36 30 17 73 85 89 92 43 21 90 11 34 89 83 3 43 78 8 93 77 21 70 8 85 90 41 89 60 89 68 82 100 45 6 94 92 69 60 20 81 74 63 27 43 32 48 97 60 30 27 79 35 8 1 87 79 29 75 52 57 52 94 66 94 2 38 5 37 30 80 41 22 0 55 41 101 101 85 24 91 55 45 89
61 79 82 71 51 16 32 35 90 91 13 68 21 35 69 16 15 95 27 31 2 64 31 4 89 13 72 40 4 51 40 66 82 86 29 94 51 91 88 6 101 33 69 65 60 69 79 20 91 37 84 12 14 10 83 19 15 70 14 32 39 53 56 77 26 1 74 77 12 43 32 56 64 6 47 79 68 62 18 49 22 68 12 14 31 67 70 101 58 84 33 57 82 27 54 76 50 72 34 36 63 47 93 70 46 19 41 73 90 11 69 23 38 49 48 89 72 42 84 41 87 1 77 61 33 97 58 45 94 31 100 36 76 40 6 74 101 92 76 55 0 32 39 65 49 48 37 85 43 50
28 19 11 60 18 19 65 75 18 54 35 44 97 6 63 98 7 97 70 52 42 69 54 28 37 34 2 80 2 50 95 46 1 101 2 12 44 36 5 82 96 95 40 68 6 83 21 10 90 54 98 85 24 66 9 20 27 62 4 3 36 99 43 12 80 66 32 52 12 20 48 82 76 86 3 84 29 84 85 51 33 6 91 34 6 50 73 78 97 30 17 58 58 19 26 27 94 74 13 19 54 85 61 44 26 13 21 77 94 40 77 16 57 36 75 99 73 94 97 51 4 35 35 90 74 86 64 16 13 12 67 96 95 36 47 70 68 70 47 41 32 0 91 29 67 90 95 95 15 44
89 11 50 37 96 99 80 43 57 6 54 91 79 66 60 89 63 24 70 16 88 45 31 81 24 52 86 82 44 45 30 23 41 6 68 86 80 26 24 98 18 63 59 18 54 28 90 55 83 8 90 55 57 91 89 29 5 44 63 101 82 55 65 96 34 42 44 100 87 1 30 37 81 68 92 61 7 8 85 45 47 30 3 52 99 2 46 31 47 39 39 79 75 82 99 22 62 81 91 44 23 98 44 23 96 73 7 49 21 47 27 68 43 28 47 76 34 51 30 22 54 73 95 72 96 7 19 6 76 44 93 100 29 20 8 49 47 54 5 101 39 91 0 2 63 60 21 55 84 72
3 14 57 67 29 82 23 48 41 34 93 93 93 24 22 20 19 65 42 93 14 23 61 88 15 53 85 93 41 63 4 96 37 25 47 31 3 35 91 68 6 86 28 61 10 99 7 48 9 8 12 83 54 91 99 70 90 28 94 86 57 40 75 95 55 24 62 53 61 38 88 3 15 77 71 6 97 35 42 4 63 94 45 11 23 57 77 58 12 72 13 46 55 71 13 88 64 13 66 18 62 97 22 65 73 15 35 60 66 18 25 43 71 18 88 76 94 41 72 94 101 64 26 35 50 47 65 81 47 51 56 64 68 44 16 95 73 93 69 101 65 29 2 0 87 48 49 47 8 13
3 96 68 69 61 91 30 46 8 60 26 79 34 67 10 94 43 16 99 86 19 50 20 97 68 100 55 81 45 19 95 99 98 7 31 72 28 37 29 18 58 4 101 42 49 33 5 99 60 62 39 51 93 7 1 43 23 22 22 76 81 45 5 91 43 86 37 19 66 16 95 28 58 4 93 55 65 95 91 98 44 59 96 54 86 74 49 98 91 43 52 35 52 82 87 8 36 67 11 99 84 20 74 36 87 98 22 36 100 96 68 6 68 67 101 82 68 49 16 39 85 65 57 60 5 84 83 51 54 91 42 44 40 79 84 39 64 62 30 85 49 67 63 87 0 3 62 86 35 57
81 65 87 39 71 36 90 18 40 56 43 95 8 21 31 21 6 51 51 98 77 21 90 41 87 50 74 93 48 57 79 98 64 67 93 91 100 2 82 4 18 25 36 30 47 32 10 41 75 17 17 29 75 98 1 24 29 22 100 84 63 38 5 54 30 96 56 90 78 37 35 75 8 56 5 77 82 16 70 67 73 30 22 63 51 74 68 59 22 31 83 70 22 75 40 81 51 93 78 42 92 65 81 77 12 23 40 44 84 68 85 93 72 63 86 58 19 78 80 26 61 101 75 17 49 21 67 30 70 39 85 47 100 55 16 13 64 32 83 24 48 90 60 48 3 0 101 99 43 71
77 29 85 27 83 32 82 14 69 34 56 12 4 98 82 38 3 70 93 35 68 47 100 36 25 84 49 72 39 4 84 86 43 72 98 62 31 89 2 59 14 14 28 1 43 67 43 31 74 96 36 77 44 101 57 84 57 81 4 75 19 69 92 17 43 71 59 31 39 88 52 19 94 41 90 4 12 85 1 96 1 39 76 24 12 38 17 95 21 38 95 85 77 59 75 23 69 60 96 24 74 40 83 24 22 83 69 33 21 7 61 21 8 19 24 22 3 93 54 100 84 78 11 24 95 45 81 61 96 62 22 100 65 101 22 69 48 36 73 91 37 95 21 49 62 101 0 7 9 99
64 80 50 35 76 4 54 12 54 53 29 82 57 101 74 10 78 69 84 58 59 9 46 68 78 87 24 21 95 36 25 101 51 32 77 43 10 30 70 24 51 81 35 40 60 51 44 40 72 19 58 19 15 21 93 66 98 35 14 96 21 92 47 65 52 44 101 52 6 2 3 40 64 76 21 67 65 32 3 60 57 22 99 58 15 67 62 62 55 91 54 21 92 45 42 68 86 31 76 91 18 30 26 55 17 81 60 11 89 18 101 11 25 33 5 40 100 25 17 56 20 51 48 32 45 76 84 49 93 61 61 82 73 22 75 9 5 75 15 55 85 95 55 47 86 99 7 0 8 16
66 91 78 28 90 33 101 88 54 17 2 78 93 35 68 91 34 77 71 26 30 30 25 69 33 28 69 27 9 21 78 33 43 28 20 58 21 30 53 48 25 91 11 10 99 19 22 41 40 18 7 60 57 68 40 82 15 76 84 74 9 42 8 99 67 14 35 41 100 6 11 49 79 58 97 56 1 61 63 50 96 78 64 16 41 98 96 47 66 84 71 81 81 14 46 60 11 89 45 35 7 74 49 51 60 88 99 68 16 1 44 73 56 65 71 49 29 90 58 81 67 52 30 47 17 5 12 61 100 72 8 42 35 76 38 40 44 51 69 45 43 15 84 8 35 43 9 8 0 52
16 84 6 23 79 73 56 77 84 53 91 6 73 92 84 34 82 73 26 25 50 87 33 39 97 65 78 97 16 14 76 45 43 31 22 22 44 5 94 44 48 57 64 81 68 28 37 100 72 90 41 78 46 3 18 37 30 68 82 82 71 26 1 11 95 101 60 59 75 62 89 100 15 70 11 9 5 59 31 84 26 75 101 22 1 19 49 51 99 61 28 89 11 40 24 74 70 40 14 31 96 96 68 98 3 82 81 71 4 22 55 3 24 23 49 37 31 58 41 26 47 71 74 76 81 34 19 83 87 27 98 34 100 1 24 46 73 40 95 89 50 44 72 13 57 71 99 16 52 0
