0 37 62 12 59 84 14 31 32 15 11 42 91 27 79 92 4 70 87 51 30 74 82 100 37 16 44 48 44 78 78 27 79 92 60 17 62 1 13 63 50 15 23 86 51 36 20 64 56 47 41 40 52 44 71 90 7 86 87 79 83 93 1 33 69 60 11 73 99 45 8 46 53 65 39 6 37 69 53 7 63 48 74 9 21 99 31 79 93 58 96 57 88 26 55 83 36 32 99 2 15 39 86 81 73 72 93 74 64 34 65 70 69 51 47 74 19 25 87 64 100 64 36 67 26 101 21 7 38 20 87 63 66 12 73 49 59 61 88 97 48 88 67 35 26 12 79 40 56 77
37 0 51 85 7 42 8 96 79 97 25 29 9 1 77 19 23 62 101 29 91 75 91 79 50 40 66 101 23 49 41 19 21 79 56 80 5 94 94 57 13 49 47 24 9 62 51 15 55 57 1 30 25 55 88 47 99 86 78 69 88 47 50 9 45 35 95 64 46 47 43 49 68 41 41 12 101 38 49 101 9 60 12 64 15 6 62 94 25 34 10 74 60 47 38 18 99 61 24 45 86 29 60 35 32 61 95 38 34 22 97 39 26 56 23 22 86 26 52 70 71 98 24 35 82 13 21 72 99 31 88 21 99 32 96 55 30 56 58 84 91 14 28 7 10 89 81 40 74 9
62 51 0 19 83 34 78 83 78 3 55 26 77 31 3 75 62 43 77 8 26 40 100 86 1 70 41 13 45 87 94 57 97 11 23 78 67 73 15 63 9 78 41 50 18 4 84 87 95 34 86 24 67 64 22 63 94 93 48 53 66 27 76 64 13 100 21 37 5 58 100 18 89 40 65 55 28 27 72 27 100 71 101 32 1 53 90 100 6 69 25 58 45 6 28 87 33 12 43 7 60 45 59 17 47 4 77 41 23 87 88 76 64 73 61 27 95 42 55 2 87 61 84 71 33 47 50 85 47 40 39 69 63 53 50 72 77 53 30 44 17 55 2 16 15 75 62 53 79 16
12 85 19 0 72 14 28 47 44 17 29 35 19 63 42 63 68 10 65 50 54 20 37 16 68 3 53 74 43 72 100 44 57 13 56 39 26 28 21 46 47 3 61 4 99 73 10 55 87 64 26 25 48 1 27 18 79 42 79 59 66 43 48 58 3 8 25 43 64 83 75 30 77 11 95 6 1 76 35 26 32 19 21 69 13 65 93 34 34 67 88 25 88 87 53 71 73 10 16 25 37 23 14 64 10 17 4 65 13 3 5 4 40 3 10 53 59 96 76 32 77 2 93 34 58 89 83 74 29 22 19 98 23 7 31 82 61 16 91 99 12 55 1 70 41 21 59 25 33 45
59 7 83 72 0 10 28 89 85 77 73 28 13 24 73 35 91 61 13 4 13 7 63 8 29 75 96 81 60 10 23 32 7 61 28 98 73 11 34 65 16 12 30 36 100 73 50 95 60 11 33 18 66 25 39 9 33 25 57 7 16 64 96 82 41 78 15 19 80 19 45 96 21 99 5 94 91 78 43 39 55 5 90 4 9 46 59 83 61 16 88 68 91 69 79 25 42 79 98 30 14 47 14 84 16 19 60 20 74 24 3 87 67 37 1 87 51 88 82 89 13 90 71 10 15 3 72 26 79 80 29 100 42 32 37 91 90 90 65 99 69 1 16 60 97 46 68 78 90 98
84 42 34 14 10 0 6 90 50 29 101 77 1 48 10 31 8 31 87 61 8 37 8 54 50 25 47 33 23 69 52 8 16 57 27 4 38 100 63 79 84 57 41 7 96 38 59 61 74 23 41 28 57 90 56 20 12 19 14 84 91 90 93 29 15 30 39 15 28 29 57 71 32 86 89 30 48 97 100 89 54 88 39 24 10 86 68 96 92 50 26 33 86 84 21 75 76 28 27 12 19 31 65 59 39 88 50 27 14 86 74 17 47 28 2 39 87 33 26 70 86 6 78 71 1 88 35 59 83 92 61 85 58 77 19 26 91 31 11 53 70 5 92 74 70 88 36 68 23 36
14 8 78 28 28 6 0 69 23 76 34 73 14 40 8 63 93 30 31 93 24 57 21 14 40 43 71 32 88 2 17 88 36 86 63 88 70 29 10 47 62 98 84 96 68 46 40 63 91 16 3 64 40 86 92 14 37 100 8 33 19 15 35 75 56 37 86 77 17 54 39 89 101 63 98 54 29 20 56 48 4 95 12 79 49 67 24 20 9 25 42 41 34 80 10 46 50 43 14 90 60 50 95 38 64 27 80 36 33 91 26 81 91 64 23 31 62 48 14 65 98 6 79 90 87 82 58 69 27 99 54 44 93 7 46 42 56 27 57 78 45 13 83 59 3 31 35 67 63 95
31 96 83 47 89 90 69 0 99 10 8 70 28 21 64 97 58 27 56 5 51 11 34 40 12 82 54 99 74 26 20 24 14 26 17 71 28 77 22 39 21 10 26 44 4 33 81 81 92 59 74 26 96 84 82 82 10 83 33 84 62 51 97 33 57 31 47 82 72 66 39 29 83 89 89 62 96 90 41 27 93 80 53 24 25 51 41 87 80 16 7 4 33 27 11 69 57 26 28 64 60 31 89 79 78 85 64 20 101 76 41 82 64 83 70 59 71 37 63 59 60 39 82 29 40 58 49 71 48 86 55 62 94 17 15 89 50 67 17 77 72 75 76 7 85 24 68 7 60 59
32 79 78 44 85 50 23 99 0 13 48 4 56 88 43 33 76 95 63 40 67 12 29 24 92 43 38 99 49 89 27 33 99 15 1 86 83 61 46 16 99 1 37 33 90 49 61 40 58 75 85 64 98 59 76 68 88 23 69 18 18 40 67 78 22 34 77 63 46 71 68 25 12 31 62 61 45 24 80 55 86 27 42 89 22 29 15 24 44 1 72 12 68 66 99 63 4 16 87 19 66 10 71 9 22 25 25 101 53 26 30 84 43 40 8 16 74 72 50 32 5 90 98 77 65 44 96 47 63 37 20 40 70 9 23 2 75 63 92 61 93 53 9 69 51 38 46 86 72 52
15 97 3 17 77 29 76 10 13 0 66 34 61 52 25 85 20 29 54 100 16 84 90 39 55 77 98 19 74 88 54 47 56 53 7 60 94 48 94 72 78 61 57 27 74 65 72 10 26 51 29 6 79 83 72 100 85 99 35 1 38 84 33 95 86 77 80 75 17 81 11 48 98 29 44 97 59 48 24 87 29 15 47 10 46 33 91 62 51 5 99 14 15 67 61 63 12 25 25 96 65 87 34 75 13 54 35 15 54 7 86 48 47 33 100 81 81 37 15 11 71 77 28 50 9 82 95 76 76 10 48 34 78 26 65 11 97 80 19 18 44 92 74 98 68 78 70 68 83 94
11 25 55 29 73 101 34 8 48 66 0 57 96 8 68 55 84 75 45 74 48 66 86 17 1 87 53 91 49 48 35 7 32 96 8 27 79 62 55 80 46 76 43 75 85 34 70 6 72 97 42 42 3 14 93 14 84 65 67 53 2 31 88 84 98 55 1 57 100 23 101 86 60 91 58 58 63 73 99 67 80 22 30 64 28 82 92 30 44 44 43 16 87 14 15 36 49 52 14 92 66 76 56 86 14 37 4 14 77 87 66 2 96 28 50 98 90 79 57 5 2 77 77 16 17 34 43 78 10 93 73 29 88 35 55 59 49 6 87 47 56 94 17 30 33 39 72 89 63 58
42 29 26 35 28 77 73 70 4 34 57 0 6 27 34 24 22 46 38 38 51 16 62 77 29 20 56 32 15 99 71 96 91 101 44 14 50 77 23 74 44 1 80 96 51 36 81 27 39 30 26 13 95 99 101 63 32 75 99 85 52 5 11 2 86 32 68 30 77 26 49 43 66 73 48 45 19 79 101 37 50 48 39 8 57 47 34 44 67 94 81 100 64 36 14 32 82 78 17 94 54 8 26 47 64 59 92 11 32 26 20 5 15 7 21 14 8 53 58 55 67 15 28 73 101 36 24 70 45 63 12 92 29 4 60 36 17 36 46 19 65 47 7 6 6 98 55 96 88 98
91 9 77 19 13 1 14 28 56 61 96 6 0 85 40 79 62 16 43 5 52 88 26 81 52 23 88 57 80 9 101 23 101 19 61 5 24 59 69 74 96 46 66 9 58 20 93 2 86 61 68 21 1 20 12 101 23 19 91 77 53 66 7 3 34 32 66 22 62 17 39 80 88 33 74 18 6 95 13 94 78 51 15 36 78 3 42 15 43 66 39 27 75 23 87 87 64 4 54 89 25 24 81 35 86 65 24 89 65 83 39 79 47 90 23 15 17 49 11 86 55 97 90 65 25 3 14 40 19 45 34 57 98 55 1 82 94 95 10 43 67 69 63 45 87 11 6 76 25 60
27 1 31 63 24 48 40 21 88 52 8 27 85 0 69 95 12 98 79 3 60 60 17 62 71 73 4 61 96 38 36 73 4 24 98 29 27 45 37 18 65 99 54 23 59 95 8 47 25 52 49 39 37 22 74 83 71 89 34 46 5 97 85 1 86 83 79 38 71 66 13 3 31 17 14 50 65 80 99 21 29 84 11 11 48 77 10 4 88 21 90 2 6 69 88 21 67 65 63 72 20 4 46 83 24 20 25 70 9 91 10 86 44 95 83 34 38 31 9 58 58 6 69 57 77 67 81 72 15 91 8 74 48 91 35 65 38 52 25 46 12 31 76 42 96 5 16 56 73 53
79 77 3 42 73 10 8 64 43 25 68 34 40 69 0 43 63 4 32 54 28 28 52 3 77 70 11 12 42 54 81 2 97 42 24 9 97 24 57 17 16 36 74 75 5 12 7 53 84 56 44 28 67 51 5 77 95 95 83 53 27 71 45 26 39 24 87 26 36 81 39 42 31 30 69 82 26 16 53 48 53 70 83 79 67 35 36 29 89 59 97 73 38 11 76 61 89 49 66 70 8 101 20 39 59 90 86 22 48 13 53 2 91 69 51 34 19 72 1 14 50 53 45 23 10 83 99 73 48 43 54 50 55 65 5 94 7 10 42 64 4 74 26 74 56 32 74 19 27 50
92 19 75 63 35 31 63 97 33 85 55 24 79 95 43 0 89 21 42 47 67 14 81 48 54 49 7 100 101 49 82 63 79 47 1 26 99 16 65 15 57 89 39 84 59 23 64 96 96 52 74 66 33 79 21 86 44 55 32 66 66 77 35 76 89 36 65 5 31 40 31 68 25 100 26 48 72 23 27 61 17 101 80 52 50 53 69 94 86 73 22 71 35 42 27 74 39 51 15 49 66 98 40 83 92 90 55 9 51 14 81 38 74 84 95 75 92 77 74 20 22 63 7 82 6 60 100 17 72 93 88 84 2 25 77 54 87 44 45 98 64 10 39 87 9 41 89 14 66 69
4 23 62 68 91 8 93 58 76 20 84 22 62 12 63 89 0 75 62 31 77 57 47 38 56 56 52 50 98 20 79 70 59 16 40 71 75 86 23 57 100 98 63 89 33 59 89 6 91 5 16 49 27 19 67 25 54 26 90 32 89 24 78 18 38 41 90 41 81 36 15 90 5 45 6 78 48 29 49 13 95 92 16 92 21 96 26 6 93 63 31 96 93 84 15 70 72 31 43 56 88 86 61 24 92 30 35 94 47 78 48 36 99 19 89 73 26 79 96 71 93 15 57 101 97 92 35 2 39 100 23 9 88 88 24 1 77 89 7 55 95 90 68 93 12 24 91 1 88 28
70 62 43 10 61 31 30 27 95 29 75 46 16 98 4 21 75 0 32 93 48 81 92 64 10 2 12 65 94 52 2 2 9 96 91 67 21 29 50 71 95 86 57 78 62 47 97 57 47 92 46 73 44 69 63 84 27 51 59 39 50 24 58 13 18 67 61 89 49 10 23 30 23 73 49 18 68 94 13 58 26 78 22 84 83 70 22 92 82 71 22 7 26 3 14 24 24 95 31 61 17 101 89 71 97 84 94 79 23 12 23 45 1 20 31 22 91 3 5 32 101 73 84 84 5 91 77 62 58 89 87 76 65 42 49 78 30 90 36 19 82 38 95 36 27 2 70 77 6 101
87 101 77 65 13 87 31 56 63 54 45 38 43 79 32 42 62 32 0 101 2 45 56 41 89 8 46 5 14 22 31 54 44 50 62 27 72 34 31 47 64 42 81 5 73 82 53 80 40 97 92 89 34 24 69 99 59 42 11 50 10 16 20 94 90 27 72 28 77 67 7 67 29 68 10 40 42 39 96 35 97 33 23 99 76 63 5 39 99 33 84 12 67 26 1 94 99 7 22 54 66 15 46 98 48 100 19 55 48 91 57 86 101 39 84 46 3 44 14 8 12 22 17 92 92 38 46 98 31 4 66 38 29 42 100 91 38 19 89 95 19 3 81 44 73 35 67 8 58 42
51 29 8 50 4 61 93 5 40 100 74 38 5 3 54 47 31 93 101 0 51 51 18 34 38 50 92 56 86 57 57 21 42 79 8 65 89 64 59 83 90 73 38 50 90 14 56 24 57 7 84 62 59 34 95 64 4 59 54 20 7 14 21 74 16 23 97 53 97 3 80 76 27 81 43 68 75 43 35 28 7 42 31 48 65 83 73 19 86 89 48 85 32 86 89 30 82 20 45 73 76 58 60 51 53 53 5 66 91 39 71 95 79 4 50 62 56 101 51 21 36 65 90 32 5 16 26 67 61 26 24 96 37 2 53 3 21 91 83 79 28 23 16 41 40 79 85 95 85 9
30 91 26 54 13 8 24 51 67 16 48 51 52 60 28 67 77 48 2 51 0 51 79 58 22 3 49 95 55 59 22 24 86 28 39 24 99 53 29 11 55 68 28 64 41 69 31 101 39 44 96 27 71 64 5 80 81 91 75 67 58 32 22 101 27 72 11 85 60 58 93 50 92 2 80 50 67 19 70 95 91 16 24 17 85 89 66 69 2 1 96 36 58 19 85 3 16 60 15 91 22 75 79 48 93 76 26 12 35 71 43 42 64 99 48 34 72 66 54 55 97 71 93 1 3 17 27 44 34 63 33 59 65 56 100 7 18 10 20 65 97 43 45 62 70 31 90 69 96 89
74 75 40 20 7 37 57 11 12 84 66 16 88 60 28 14 57 81 45 51 51 0 57 7 71 66 15 22 15 65 38 18 97 38 94 13 54 45 87 14 89 65 16 26 94 17 8 83 32 68 19 39 11 60 86 52 73 41 50 71 4 67 52 90 37 95 15 18 94 48 21 15 24 18 19 93 80 21 6 88 74 97 5 88 52 18 53 24 56 82 22 20 33 91 68 30 19 51 41 48 15 64 94 77 53 93 49 74 49 81 14 47 78 32 4 80 48 17 32 46 40 84 100 11 23 54 64 40 33 30 20 86 44 55 94 82 59 63 46 61 62 56 83 14 39 100 26 36 68 22
82 91 100 37 63 8 21 34 29 90 86 62 26 17 52 81 47 92 56 18 79 57 0 24 1 60 73 23 38 82 79 20 64 77 46 89 9 57 73 69 15 17 22 34 80 46 49 56 69 6 8 92 94 35 80 69 42 25 12 14 7 74 86 74 76 4 28 55 89 42 77 84 73 27 28 66 95 8 87 31 89 8 26 99 66 28 4 89 83 46 3 77 19 54 51 46 7 101 101 61 34 5 18 51 46 33 95 41 47 77 42 96 76 16 30 46 90 18 1 30 56 81 26 50 25 44 11 2 68 40 88 61 97 100 47 28 1 58 70 83 57 74 5 15 77 4 51 20 1 4
100 79 86 16 8 54 14 40 24 39 17 77 81 62 3 48 38 64 41 34 58 7 24 0 4 91 57 28 71 59 82 67 8 90 5 8 41 85 32 45 44 29 5 44 8 11 96 5 54 95 74 69 65 36 60 58 40 93 95 64 23 3 94 61 89 40 97 13 82 14 68 73 40 33 76 7 60 37 57 15 53 58 59 36 69 26 19 44 10 30 69 90 30 96 53 15 11 65 51 91 10 66 26 89 71 2 23 90 2 42 40 62 99 51 99 85 58 91 26 67 6 11 28 54 75 49 95 64 9 68 73 28 66 3 32 93 96 8 70 50 99 8 20 76 24 3 14 88 40 44
37 50 1 68 29 50 40 12 92 55 1 29 52 71 77 54 56 10 89 38 22 71 1 4 0 98 74 28 68 32 98 74 74 50 101 65 37 40 16 99 97 40 28 60 45 8 53 25 51 99 35 50 6 77 94 20 23 7 97 60 3 13 60 84 95 90 39 51 53 6 7 89 5 43 47 32 37 63 93 65 34 34 15 74 49 68 45 30 2 56 54 2 28 55 53 7 90 29 60 25 60 98 92 97 98 55 33 18 81 12 45 22 66 62 53 43 77 8 78 67 92 68 48 89 79 46 87 72 100 88 25 62 20 16 15 29 25 3 25 45 20 4 2 92 85 46 28 89 101 87
16 40 70 3 75 25 43 82 43 77 87 20 23 73 70 49 56 2 8 50 3 66 60 91 98 0 39 52 33 38 27 23 5 84 47 12 19 88 67 74 44 14 20 58 92 16 17 68 55 25 4 10 48 62 91 10 56 97 81 85 69 97 50 48 77 50 11 28 93 36 97 27 59 85 29 62 20 3 45 26 51 92 85 21 43 64 31 92 70 1 22 33 24 24 92 74 38 35 1 68 14 55 13 75 88 48 80 69 67 8 19 58 30 45 25 21 68 64 37 21 76 67 59 45 83 13 21 68 28 2 88 39 30 47 50 8 5 70 61 19 96 81 101 48 41 23 48 100 1 34
44 66 41 53 96 47 71 54 38 98 53 56 88 4 11 7 52 12 46 92 49 15 73 57 74 39 0 2 74 52 24 92 70 37 13 85 17 16 14 16 36 46 47 56 25 101 61 64 59 15 15 21 5 31 42 71 84 65 10 65 91 84 51 67 83 33 39 65 49 49 58 47 65 4 101 68 23 83 25 23 43 47 4 77 32 67 53 35 65 74 47 9 45 52 100 32 85 17 22 28 17 26 77 53 46 47 65 72 95 83 65 61 66 25 72 68 45 42 94 5 49 32 4 21 21 69 49 11 19 29 97 48 50 96 20 76 63 4 71 45 4 63 32 48 81 101 7 29 74 96
48 101 13 74 81 33 32 99 99 19 91 32 57 61 12 100 50 65 5 56 95 22 23 28 28 52 2 0 47 29 23 53 65 16 12 68 2 64 85 9 13 12 85 30 91 84 66 46 25 11 37 72 2 9 28 51 45 39 23 94 101 80 2 7 84 21 66 38 87 32 63 7 57 68 73 52 44 19 60 53 28 3 16 53 79 90 16 68 47 66 76 63 56 92 48 28 99 77 9 76 37 92 2 87 80 77 31 95 76 77 21 22 16 37 99 29 46 4 90 97 28 7 90 53 89 46 91 70 74 86 50 3 15 48 57 42 72 93 51 60 22 66 84 76 16 51 9 8 56 20
44 23 45 43 60 23 88 74 49 74 49 15 80 96 42 101 98 94 14 86 55 15 38 71 68 33 74 47 0 47 18 64 12 86 65 81 85 40 93 70 86 52 92 2 92 74 98 82 96 32 19 2 30 30 2 76 96 32 24 35 45 20 91 52 90 49 69 16 73 29 54 94 36 76 78 14 81 2 58 3 37 28 65 41 44 14 58 28 60 49 15 55 71 35 31 10 91 31 40 66 66 13 42 31 2 42 96 73 82 4 85 57 78 71 82 94 75 43 27 31 16 47 90 57 69 73 44 75 93 68 70 41 97 91 47 9 15 5 34 87 20 50 57 84 57 53 37 7 50 22
78 49 87 72 10 69 2 26 89 88 48 99 9 38 54 49 20 52 22 57 59 65 82 59 32 38 52 29 47 0 7 11 44 15 84 17 89 93 8 94 36 85 3 47 41 89 56 81 77 37 97 67 40 59 83 76 50 6 85 23 40 90 8 35 35 67 65 28 48 10 8 75 61 86 92 58 4 36 21 19 10 97 22 27 101 1 29 29 97 15 95 65 59 56 68 75 44 87 90 77 25 2 73 18 75 18 10 16 46 28 49 23 75 36 26 73 59 75 35 99 21 85 29 66 41 37 47 11 46 99 33 55 40 6 16 78 46 95 83 92 69 12 97 36 34 39 77 6 12 47
78 41 94 100 23 52 17 20 27 54 35 71 101 36 81 82 79 2 31 57 22 38 79 82 98 27 24 23 18 7 0 98 59 52 22 79 81 92 93 45 67 81 30 83 95 92 92 31 20 74 95 18 88 93 26 95 61 47 31 85 66 23 65 34 52 38 25 26 48 45 15 92 62 44 62 80 80 78 31 88 85 16 86 97 33 76 70 55 59 101 81 16 99 41 11 27 24 40 39 17 51 97 82 58 91 60 96 63 73 26 91 51 14 39 66 71 10 90 69 10 67 73 35 91 19 11 57 1 93 63 36 70 5 16 76 77 75 3 21 6 96 43 89 64 23 69 9 59 20 18
27 19 57 44 32 8 88 24 33 47 7 96 23 73 2 63 70 2 54 21 24 18 20 67 74 23 92 53 64 11 98 0 40 75 52 52 67 21 73 21 38 24 3 9 88 19 26 16 66 90 53 92 69 101 82 8 85 91 62 74 8 7 88 42 62 40 98 43 77 48 46 80 71 25 2 17 62 61 70 68 27 52 43 100 5 99 34 97 1 65 83 91 22 85 97 95 3 85 52 73 91 88 80 39 34 86 60 29 50 44 7 31 87 6 21 42 31 95 23 19 18 11 15 10 31 64 52 17 42 68 31 44 84 73 35 26 63 40 97 42 91 43 86 92 78 19 59 18 57 92
79 21 97 57 7 16 36 14 99 56 32 91 101 4 97 79 59 9 44 42 86 97 64 8 74 5 70 65 12 44 59 40 0 84 23 44 77 3 4 84 57 48 1 38 55 48 58 75 60 75 2 15 67 55 62 74 44 76 51 100 7 100 16 32 33 8 8 27 53 36 62 71 8 89 26 14 97 94 96 42 8 101 16 71 17 78 23 40 74 58 97 65 52 100 93 42 45 4 84 84 57 11 28 101 24 52 7 29 51 97 52 17 8 71 12 64 97 47 29 35 18 13 37 9 33 67 32 89 35 75 8 83 36 92 14 39 73 36 13 75 1 37 53 11 2 4 77 35 64 70
92 79 11 13 61 57 86 26 15 53 96 101 19 24 42 47 16 96 50 79 28 38 77 90 50 84 37 16 86 15 52 75 84 0 70 79 69 82 76 22 40 10 87 43 1 43 17 54 64 20 28 46 86 21 91 35 16 14 52 14 26 60 46 78 95 78 76 60 67 29 13 69 40 4 19 1 37 13 47 51 64 37 34 27 2 76 82 13 69 77 86 83 19 42 54 10 61 36 76 100 27 77 2 22 13 61 92 75 71 10 46 97 30 49 29 43 12 82 9 4 3 95 7 89 85 67 40 62 39 14 2 39 87 26 98 6 11 59 21 89 95 100 18 77 3 50 24 22 1 13
60 56 23 56 28 27 63 17 1 7 8 44 61 98 24 1 40 91 62 8 39 94 46 5 101 47 13 12 65 84 22 52 23 70 0 28 64 1 89 28 84 31 87 13 56 100 87 57 67 93 65 28 88 40 42 64 37 26 41 48 70 34 92 24 15 54 30 58 14 64 79 52 2 75 17 14 91 35 99 21 83 11 77 9 6 45 80 85 73 34 70 51 79 72 44 11 72 34 55 99 76 94 20 87 66 54 7 33 6 27 56 78 41 55 18 96 48 37 43 10 20 76 98 99 21 90 6 77 24 52 10 6 94 73 94 17 59 14 43 83 23 10 72 88 15 81 60 79 81 89
17 80 78 39 98 4 88 71 86 60 27 14 5 29 9 26 71 67 27 65 24 13 89 8 65 12 85 68 81 17 79 52 44 79 28 0 77 48 72 26 37 1 57 43 96 47 7 52 76 39 30 72 77 67 45 78 53 70 31 9 3 59 21 33 10 41 14 37 25 49 9 23 86 20 26 45 100 7 96 4 31 66 75 49 80 20 81 72 8 93 15 21 65 75 58 16 24 16 36 36 63 83 9 59 34 48 15 14 84 19 13 49 26 36 23 64 45 9 3 98 74 6 46 19 26 95 22 18 57 25 22 19 28 20 30 68 57 51 28 94 63 9 24 69 56 59 97 84 10 49
62 5 67 26 73 38 70 28 83 94 79 50 24 27 97 99 75 21 72 89 99 54 9 41 37 19 17 2 85 89 81 67 77 69 64 77 0 44 79 29 99 14 21 88 61 61 56 1 12 26 66 12 83 91 71 24 24 23 10 45 64 12 35 21 88 53 75 83 59 11 20 59 19 7 35 82 40 55 42 25 47 79 18 37 90 87 97 79 12 61 41 63 25 5 87 28 8 49 38 29 3 81 71 43 26 85 57 6 62 69 36 32 90 50 23 76 38 92 13 9 40 34 27 70 9 8 46 68 64 87 80 13 3 86 68 83 50 26 5 25 29 30 68 75 25 83 30 83 24 50
1 94 73 28 11 100 29 77 61 48 62 77 59 45 24 16 86 29 34 64 53 45 57 85 40 88 16 64 40 93 92 21 3 82 1 48 44 0 35 38 82 56 91 89 72 34 64 47 20 47 16 36 36 26 84 89 21 64 87 73 17 58 67 9 54 5 85 9 58 44 80 96 27 7 60 94 36 36 95 34 36 6 41 10 46 45 22 73 72 32 9 35 53 98 50 24 93 49 82 85 4 79 76 64 9 88 43 51 28 8 73 6 52 91 29 91 96 68 50 19 56 24 42 46 86 82 47 60 7 101 45 3 70 73 8 22 88 76 23 23 65 82 91 86 96 16 73 52 28 16
13 94 15 21 34 63 10 22 46 94 55 23 69 37 57 65 23 50 31 59 29 87 73 32 16 67 14 85 93 8 93 73 4 76 89 72 79 35 0 90 52 3 85 1 68 27 87 16 100 27 82 50 65 18 32 69 72 3 20 61 49 88 40 29 71 30 93 20 62 60 5 36 89 22 83 28 82 41 37 29 37 32 13 40 50 8 89 98 63 27 39 72 68 86 37 38 8 16 83 92 81 48 37 31 41 94 100 85 19 26 82 41 78 46 20 79 49 79 19 8 71 47 43 15 84 67 97 25 2 7 59 81 19 39 98 55 33 21 54 92 49 56 62 29 37 55 65 27 97 81
63 57 63 46 65 79 47 39 16 72 80 74 74 18 17 15 57 71 47 83 11 14 69 45 99 74 16 9 70 94 45 21 84 22 28 26 29 38 90 0 87 97 62 27 79 40 88 88 79 61 9 8 100 77 6 57 101 75 93 93 7 15 24 23 74 89 67 20 44 99 86 62 33 27 15 9 82 56 64 2 33 36 65 41 59 36 80 88 95 66 97 80 92 15 12 21 9 17 49 27 23 50 19 70 39 96 26 12 69 15 59 5 96 44 11 11 13 75 60 79 72 49 49 45 8 31 66 85 56 53 81 78 33 10 93 40 28 68 101 12 43 18 56 95 83 44 30 18 29 91
50 13 9 47 16 84 62 21 99 78 46 44 96 65 16 57 100 95 64 90 55 89 15 44 97 44 36 13 86 36 67 38 57 40 84 37 99 82 52 87 0 56 2 95 96 56 31 65 79 14 63 20 13 72 3 27 15 33 66 84 37 30 13 78 58 64 35 88 15 34 22 48 44 70 66 33 57 11 25 10 79 15 81 30 76 100 99 42 16 40 10 32 42 14 62 78 3 43 15 50 50 90 43 64 15 61 67 6 43 58 44 28 69 10 92 77 38 95 74 1 78 98 54 94 31 63 33 97 92 64 76 56 54 74 89 87 101 94 84 58 17 95 94 22 21 73 62 71 23 43
15 49 78 3 12 57 98 10 1 61 76 1 46 99 36 89 98 86 42 73 68 65 17 29 40 14 46 12 52 85 81 24 48 10 31 1 14 56 3 97 56 0 11 36 31 68 29 53 77 62 63 76 57 89 69 88 88 22 27 77 27 66 49 54 33 96 32 25 39 76 93 20 73 73 65 10 7 21 18 8 80 66 39 3 21 3 39 65 73 20 27 101 85 20 68 46 80 66 94 9 91 21 24 1 18 36 57 53 70 30 7 74 15 39 91 93 55 33 72 101 97 86 70 17 46 7 94 72 76 50 97 56 43 39 98 48 43 16 85 1 41 38 94 76 1 100 20 37 71 43
23 47 41 61 30 41 84 26 37 57 43 80 66 54 74 39 63 57 81 38 28 16 22 5 28 20 47 85 92 3 30 3 1 87 87 57 21 91 85 62 2 11 0 95 82 25 17 80 67 73 85 68 58 77 71 4 87 22 88 54 59 94 71 9 49 42 34 70 3 71 55 45 64 40 80 5 79 40 12 68 6 9 101 85 10 81 40 63 61 20 73 101 9 65 43 46 27 14 81 2 22 37 99 14 55 62 4 39 59 76 2 33 25 60 39 1 38 83 11 95 34 25 56 64 83 7 6 54 51 99 26 64 65 75 99 46 96 74 13 41 56 26 97 13 1 84 56 79 12 37
86 24 50 4 36 7 96 44 33 27 75 96 9 23 75 84 89 78 5 50 64 26 34 44 60 58 56 30 2 47 83 9 38 43 13 43 88 89 1 27 95 36 95 0 71 13 95 14 59 42 53 10 55 37 20 38 76 62 48 1 22 86 33 5 76 24 17 36 34 90 4 59 21 100 29 64 45 15 31 18 14 78 100 14 12 5 12 26 40 1 38 68 46 69 24 78 89 43 23 53 4 37 15 79 68 51 49 79 36 101 54 37 65 43 2 67 85 86 24 1 29 38 60 57 77 15 34 42 6 69 29 84 30 50 29 44 90 32 67 65 41 43 56 22 13 37 18 66 3 95
51 9 18 99 100 96 68 4 90 74 85 51 58 59 5 59 33 62 73 90 41 94 80 8 45 92 25 91 92 41 95 88 55 1 56 96 61 72 68 79 96 31 82 71 0 67 93 71 16 56 65 50 58 21 12 8 25 52 54 6 30 66 62 55 30 72 5 73 3 62 4 11 55 45 13 24 41 87 55 77 25 9 95 12 5 78 56 51 44 74 47 68 72 91 94 82 16 93 9 22 100 72 65 63 71 26 63 73 44 58 62 76 80 37 48 81 5 3 97 45 38 74 52 29 49 15 21 54 81 76 67 23 41 95 22 36 90 17 42 44 21 64 81 38 16 100 10 35 82 12
36 62 4 73 73 38 46 33 49 65 34 36 20 95 12 23 59 47 82 14 69 17 46 11 8 16 101 84 74 89 92 19 48 43 100 47 61 34 27 40 56 68 25 13 67 0 45 34 2 84 92 35 23 55 72 18 24 85 1 62 16 11 1 31 33 2 9 66 99 85 3 73 14 32 86 73 39 14 55 87 89 61 90 53 24 22 83 95 58 32 24 58 62 92 2 64 94 31 3 40 95 26 53 37 19 14 2 89 40 64 9 68 15 75 20 80 94 91 26 101 76 91 8 99 25 39 98 15 65 78 77 101 89 51 3 20 21 78 60 88 66 93 76 87 71 18 26 64 63 58
20 51 84 10 50 59 40 81 61 72 70 81 93 8 7 64 89 97 53 56 31 8 49 96 53 17 61 66 98 56 92 26 58 17 87 7 56 64 87 88 31 29 17 95 93 45 0 84 65 56 42 96 48 32 80 18 82 9 68 44 34 30 79 13 57 96 5 47 61 30 39 30 60 65 89 69 76 31 83 78 55 4 60 9 81 91 73 79 52 70 60 100 71 85 94 15 99 21 79 9 38 65 29 30 25 77 58 66 38 100 82 35 39 47 69 55 60 43 94 39 61 39 73 61 82 88 100 2 92 87 4 94 40 32 46 91 28 9 55 57 81 45 69 45 14 18 64 87 84 7
64 15 87 55 95 61 63 81 40 10 6 27 2 47 53 96 6 57 80 24 101 83 56 5 25 68 64 46 82 81 31 16 75 54 57 52 1 47 16 88 65 53 80 14 71 34 84 0 91 82 19 85 31 99 99 64 38 59 59 32 41 34 26 35 4 14 85 51 8 68 17 47 20 2 101 1 11 61 58 27 91 94 10 65 51 96 5 65 83 22 29 76 20 74 7 36 101 62 60 48 79 86 15 39 26 7 5 21 74 28 50 12 7 80 86 85 16 4 26 25 48 29 75 97 49 87 59 94 64 26 96 73 8 6 73 3 28 71 60 24 57 2 61 38 11 52 42 30 91 99
56 55 95 87 60 74 91 92 58 26 72 39 86 25 84 96 91 47 40 57 39 32 69 54 51 55 59 25 96 77 20 66 60 64 67 76 12 20 100 79 79 77 67 59 16 2 65 91 0 70 78 24 72 29 67 63 8 31 7 19 71 19 10 47 26 40 4 51 48 24 53 86 22 28 78 52 37 93 59 26 29 66 52 64 36 3 28 75 66 39 5 41 74 32 4 74 65 77 5 51 34 24 98 38 75 80 22 66 99 45 57 83 4 97 82 5 15 10 56 10 53 60 73 30 29 81 50 13 18 53 84 4 49 96 74 70 68 91 57 15 51 69 2 4 32 47 95 16 16 82
47 57 34 64 11 23 16 59 75 51 97 30 61 52 56 52 5 92 97 7 44 68 6 95 99 25 15 11 32 37 74 90 75 20 93 39 26 47 27 61 14 62 73 42 56 84 56 82 70 0 12 37 85 96 54 44 21 48 93 74 58 34 78 93 42 10 34 94 51 81 67 96 11 82 34 67 73 11 45 88 93 38 89 59 74 53 63 15 78 84 17 52 22 76 101 94 88 41 43 45 85 47 8 6 92 66 86 65 23 72 71 19 43 74 91 43 15 41 48 53 78 98 29 23 59 45 50 42 85 86 35 53 3 86 7 59 58 46 34 19 31 54 28 26 50 81 96 28 47 73
41 1 86 26 33 41 3 74 85 29 42 26 68 49 44 74 16 46 92 84 96 19 8 74 35 4 15 37 19 97 95 53 2 28 65 30 66 16 82 9 63 63 85 53 65 92 42 19 78 12 0 20 87 86 78 42 79 80 66 25 32 19 13 2 83 67 72 57 72 73 20 71 10 95 48 93 11 56 16 26 41 21 77 101 48 5 5 47 60 16 26 81 5 25 9 27 2 78 49 38 4 16 75 62 6 31 29 63 59 1 6 3 33 32 32 30 76 87 32 53 87 72 22 74 77 70 50 17 44 57 44 85 15 19 42 32 52 13 98 58 59 3 96 40 96 92 43 97 56 9
40 30 24 25 18 28 64 26 64 6 42 13 21 39 28 66 49 73 89 62 27 39 92 69 50 10 21 72 2 67 18 92 15 46 28 72 12 36 50 8 20 76 68 10 50 35 96 85 24 37 20 0 86 77 38 80 27 8 5 50 84 30 26 70 38 50 16 94 48 31 23 45 21 87 55 97 51 18 16 91 46 31 23 40 75 88 62 32 37 89 48 56 49 35 50 22 32 33 64 35 93 92 66 16 18 57 77 92 95 73 37 34 92 34 50 86 28 61 77 66 87 68 9 31 38 76 91 33 90 34 13 100 33 95 17 9 63 12 26 75 41 80 10 97 57 21 70 38 96 64
52 25 67 48 66 57 40 96 98 79 3 95 1 37 67 33 27 44 34 59 71 11 94 65 6 48 5 2 30 40 88 69 67 86 88 77 83 36 65 100 13 57 58 55 58 23 48 31 72 85 87 86 0 28 90 58 17 72 19 66 29 80 20 39 79 30 43 74 67 51 40 32 39 83 2 67 16 35 73 31 37 73 61 46 86 51 84 70 44 9 79 47 99 46 56 52 38 99 4 75 39 92 99 95 27 32 61 93 91 37 8 91 101 50 80 63 60 22 19 23 22 75 41 87 30 38 86 3 81 17 58 9 43 63 90 90 81 70 100 31 91 40 84 5 18 36 91 2 30 17
44 55 64 1 25 90 86 84 59 83 14 99 20 22 51 79 19 69 24 34 64 60 35 36 77 62 31 9 30 59 93 101 55 21 40 67 91 26 18 77 72 89 77 37 21 55 32 99 29 96 86 77 28 0 4 92 90 71 8 79 98 46 91 50 39 84 65 22 27 72 3 90 8 4 63 1 20 39 16 98 74 88 45 19 18 83 99 16 82 97 38 24 48 73 11 71 64 18 44 30 83 45 76 95 45 55 72 92 43 72 67 13 22 56 25 85 50 48 44 85 86 93 26 80 68 45 36 2 84 74 69 27 25 43 67 60 82 30 61 88 47 63 42 18 83 14 83 99 13 82
71 88 22 27 39 56 92 82 76 72 93 101 12 74 5 21 67 63 69 95 5 86 80 60 94 91 42 28 2 83 26 82 62 91 42 45 71 84 32 6 3 69 71 20 12 72 80 99 67 54 78 38 90 4 0 67 66 7 21 11 64 19 70 23 37 47 70 14 50 55 101 47 7 25 59 21 45 4 47 69 63 39 40 86 68 79 48 2 21 59 9 65 90 71 70 75 15 93 27 17 71 7 36 80 83 68 35 3 24 72 72 74 100 94 72 16 82 61 93 53 41 15 15 78 20 94 88 6 77 27 12 57 45 98 7 13 15 50 76 60 21 26 43 56 72 17 31 94 98 81
90 47 63 18 9 20 14 82 68 100 14 63 101 83 77 86 25 84 99 64 80 52 69 58 20 10 71 51 76 76 95 8 74 35 64 78 24 89 69 57 27 88 4 38 8 18 18 64 63 44 42 80 58 92 67 0 69 47 64 85 88 97 73 24 28 34 9 18 83 17 37 52 75 38 71 29 85 94 9 12 58 33 37 54 16 46 34 81 93 84 52 48 91 41 43 98 85 8 61 78 64 37 62 98 38 78 57 17 77 75 14 61 91 80 61 21 84 25 42 51 49 2 45 55 40 79 10 15 88 22 61 77 65 24 9 34 66 42 52 55 82 96 51 16 39 72 4 74 22 63
7 99 94 79 33 12 37 10 88 85 84 32 23 71 95 44 54 27 59 4 81 73 42 40 23 56 84 45 96 50 61 85 44 16 37 53 24 21 72 101 15 88 87 76 25 24 82 38 8 21 79 27 17 90 66 69 0 57 32 11 19 50 77 26 58 35 90 87 6 16 40 4 9 87 81 81 18 99 14 58 28 56 56 84 78 61 70 75 75 40 53 2 101 6 80 12 29 83 15 32 63 69 15 91 49 11 49 67 97 92 67 79 37 69 62 99 27 96 93 7 29 42 75 92 31 36 40 23 34 13 3 19 12 69 95 20 88 23 20 12 9 37 1 89 84 83 4 29 53 16
86 86 93 42 25 19 100 83 23 99 65 75 19 89 95 55 26 51 42 59 91 41 25 93 7 97 65 39 32 6 47 91 76 14 26 70 23 64 3 75 33 22 22 62 52 85 9 59 31 48 80 8 72 71 7 47 57 0 63 43 66 18 98 98 92 56 50 11 67 48 52 75 57 64 3 44 45 48 94 6 71 52 82 42 45 59 27 14 95 99 25 79 14 17 75 80 14 100 44 68 96 26 100 2 61 84 30 61 35 17 78 94 99 89 83 87 47 41 85 78 59 9 39 65 39 57 37 9 18 81 35 22 18 82 1 17 18 62 34 27 26 66 84 52 38 74 10 40 81 42
87 78 48 79 57 14 8 33 69 35 67 99 91 34 83 32 90 59 11 54 75 50 12 95 97 81 10 23 24 85 31 62 51 52 41 31 10 87 20 93 66 27 88 48 54 1 68 59 7 93 66 5 19 8 21 64 32 63 0 25 71 80 29 49 12 55 73 55 15 4 21 47 15 45 66 25 44 13 61 14 52 44 67 77 16 84 88 71 82 4 7 68 58 20 38 9 87 31 17 55 92 49 42 26 83 75 94 50 68 35 35 12 99 7 60 99 67 73 73 9 62 18 63 18 7 13 51 51 1 56 90 24 31 71 38 59 76 32 55 45 23 11 86 61 26 16 44 87 49 5
79 69 53 59 7 84 33 84 18 1 53 85 77 46 53 66 32 39 50 20 67 71 14 64 60 85 65 94 35 23 85 74 100 14 48 9 45 73 61 93 84 77 54 1 6 62 44 32 19 74 25 50 66 79 11 85 11 43 25 0 61 101 26 74 13 20 100 3 49 64 25 89 49 40 26 35 70 33 60 2 91 46 91 1 15 96 52 17 40 72 60 11 82 71 14 42 45 87 89 30 83 9 18 58 29 96 79 10 57 69 12 42 46 93 89 57 37 37 65 83 11 7 9 52 82 70 54 13 20 1 76 5 41 101 22 80 38 43 10 11 63 93 88 42 17 32 52 80 34 78
83 88 66 66 16 91 19 62 18 38 2 52 53 5 27 66 89 50 10 7 58 4 7 23 3 69 91 101 45 40 66 8 7 26 70 3 64 17 49 7 37 27 59 22 30 16 34 41 71 58 32 84 29 98 64 88 19 66 71 61 0 58 69 64 48 48 10 19 57 100 6 70 65 56 46 44 5 10 42 6 101 98 26 61 88 15 37 1 89 65 14 3 12 39 55 51 62 73 29 47 31 28 83 15 35 98 84 62 20 18 6 47 65 57 8 91 14 81 88 93 83 58 56 74 32 61 99 40 51 23 76 41 7 63 73 93 1 71 99 52 91 5 65 100 74 22 37 71 89 64
93 47 27 43 64 90 15 51 40 84 31 5 66 97 71 77 24 24 16 14 32 67 74 3 13 97 84 80 20 90 23 7 100 60 34 59 12 58 88 15 30 66 94 86 66 11 30 34 19 34 19 30 80 46 19 97 50 18 80 101 58 0 46 40 49 24 98 94 19 24 26 32 30 77 81 5 43 74 12 99 99 43 96 88 86 78 77 51 56 41 8 88 3 4 20 93 57 30 26 89 90 93 9 59 10 1 94 68 4 16 46 40 32 73 72 88 99 47 52 20 27 97 85 93 31 21 84 70 49 89 53 26 87 64 33 25 19 94 89 10 91 54 59 12 1 57 87 4 37 92
1 50 76 48 96 93 35 97 67 33 88 11 7 85 45 35 78 58 20 21 22 52 86 94 60 50 51 2 91 8 65 88 16 46 92 21 35 67 40 24 13 49 71 33 62 1 79 26 10 78 13 26 20 91 70 73 77 98 29 26 69 46 0 85 30 11 99 68 65 59 57 101 35 21 86 36 62 2 54 15 77 48 60 83 11 25 14 13 5 82 85 4 94 53 89 61 30 100 3 100 61 57 49 13 76 68 94 12 89 26 86 44 44 68 59 20 74 75 57 46 99 79 69 25 88 12 36 47 56 66 8 7 72 12 60 81 91 60 23 83 99 69 68 35 48 101 9 32 85 16
33 9 64 58 82 29 75 33 78 95 84 2 3 1 26 76 18 13 94 74 101 90 74 61 84 48 67 7 52 35 34 42 32 78 24 33 21 9 29 23 78 54 9 5 55 31 13 35 47 93 2 70 39 50 23 24 26 98 49 74 64 40 85 0 91 33 95 23 19 96 82 74 64 17 8 15 84 23 92 25 72 8 49 86 96 32 24 9 86 67 63 9 82 21 40 32 8 39 24 46 52 40 57 19 51 38 96 38 98 95 97 15 60 50 1 28 70 95 63 30 28 44 55 35 88 85 33 94 78 53 93 92 71 79 95 27 43 40 69 2 99 95 89 52 8 86 78 20 60 61
69 45 13 3 41 15 56 57 22 86 98 86 34 86 39 89 38 18 90 16 27 37 76 89 95 77 83 84 90 35 52 62 33 95 15 10 88 54 71 74 58 33 49 76 30 33 57 4 26 42 83 38 79 39 37 28 58 92 12 13 48 49 30 91 0 100 32 3 67 78 40 25 24 36 2 42 21 91 78 33 11 78 85 37 56 35 99 65 88 99 28 54 68 6 86 55 39 86 24 37 37 1 28 96 25 22 5 49 23 8 13 76 5 52 79 16 84 23 78 81 78 101 31 46 5 67 39 65 76 49 25 37 6 48 83 84 75 5 64 82 76 75 96 98 56 51 68 2 65 87
60 35 100 8 78 30 37 31 34 77 55 32 32 83 24 36 41 67 27 23 72 95 4 40 90 50 33 21 49 67 38 40 8 78 54 41 53 5 30 89 64 96 42 24 72 2 96 14 40 10 67 50 30 84 47 34 35 56 55 20 48 24 11 33 100 0 9 27 18 24 57 46 80 12 51 98 70 99 36 61 13 73 41 57 26 24 56 10 51 52 13 79 14 8 80 45 15 14 101 30 24 23 91 18 73 87 56 83 85 98 18 25 93 42 69 44 39 6 82 91 31 79 39 13 89 70 47 60 33 56 66 90 71 57 93 22 80 14 39 80 22 32 31 77 42 29 72 43 56 27
11 95 21 25 15 39 86 47 77 80 1 68 66 79 87 65 90 61 72 97 11 15 28 97 39 11 39 66 69 65 25 98 8 76 30 14 75 85 93 67 35 32 34 17 5 9 5 85 4 34 72 16 43 65 70 9 90 50 73 100 10 98 99 95 32 9 0 33 96 53 81 49 86 77 89 4 87 42 88 39 13 29 22 71 100 61 34 16 22 12 76 57 51 18 21 62 31 53 12 89 41 17 8 14 5 62 31 79 37 16 61 61 73 23 52 67 55 54 27 6 91 77 98 100 95 9 22 100 24 22 34 13 93 43 28 93 30 61 20 25 55 56 63 25 23 3 75 88 62 93
73 64 37 43 19 15 77 82 63 75 57 30 22 38 26 5 41 89 28 53 85 18 55 13 51 28 65 38 16 28 26 43 27 60 58 37 83 9 20 20 88 25 70 36 73 66 47 51 51 94 57 94 74 22 14 18 87 11 55 3 19 94 68 23 3 27 33 0 91 5 81 80 18 20 47 11 85 2 54 32 85 54 58 31 81 27 98 81 53 42 84 48 40 97 11 46 85 88 98 4 98 48 42 90 36 15 79 86 84 48 39 12 90 98 47 37 51 34 92 1 6 17 70 58 32 24 64 43 85 60 98 13 54 12 31 57 25 22 64 54 21 16 92 62 83 93 11 60 62 21
99 46 5 64 80 28 17 72 46 17 100 77 62 71 36 31 81 49 77 97 60 94 89 82 53 93 49 87 73 48 48 77 53 67 14 25 59 58 62 44 15 39 3 34 3 99 61 8 48 51 72 48 67 27 50 83 6 67 15 49 57 19 65 19 67 18 96 91 0 56 27 13 15 14 90 48 3 52 8 86 7 89 77 90 84 37 3 2 24 2 52 35 81 12 1 68 1 7 7 70 28 4 77 59 37 49 34 70 86 71 56 38 45 35 41 80 3 44 26 6 19 53 79 33 35 39 99 52 56 3 2 45 48 100 45 20 88 71 74 84 45 52 47 77 53 27 1 55 36 89
45 47 58 83 19 29 54 66 71 81 23 26 17 66 81 40 36 10 67 3 58 48 42 14 6 36 49 32 29 10 45 48 36 29 64 49 11 44 60 99 34 76 71 90 62 85 30 68 24 81 73 31 51 72 55 17 16 48 4 64 100 24 59 96 78 24 53 5 56 0 79 79 10 21 31 84 65 25 21 78 88 2 28 95 88 23 14 28 76 88 94 78 82 49 101 30 54 97 30 94 1 65 93 18 26 13 74 10 57 79 77 76 7 9 98 96 68 55 94 64 83 90 10 79 43 30 9 44 64 75 4 28 79 92 45 49 50 60 61 21 46 54 47 93 64 25 22 47 41 69
8 43 100 75 45 57 39 39 68 11 101 49 39 13 39 31 15 23 7 80 93 21 77 68 7 97 58 63 54 8 15 46 62 13 79 9 20 80 5 86 22 93 55 4 4 3 39 17 53 67 20 23 40 3 101 37 40 52 21 25 6 26 57 82 40 57 81 81 27 79 0 59 13 85 67 55 90 16 88 61 2 38 4 65 74 12 1 65 29 46 84 14 92 37 4 48 56 5 50 77 96 31 16 39 38 32 31 5 27 23 54 62 86 27 91 22 74 36 13 4 19 76 39 56 28 51 14 75 68 23 47 73 56 30 42 57 54 48 53 37 22 80 76 20 41 10 85 91 71 5
46 49 18 30 96 71 89 29 25 48 86 43 80 3 42 68 90 30 67 76 50 15 84 73 89 27 47 7 94 75 92 80 71 69 52 23 59 96 36 62 48 20 45 59 11 73 30 47 86 96 71 45 32 90 47 52 4 75 47 89 70 32 101 74 25 46 49 80 13 79 59 0 72 17 101 53 42 100 22 59 95 14 65 37 17 36 91 54 83 100 42 99 30 101 46 22 94 20 79 22 64 82 61 92 13 2 12 97 46 94 70 66 13 59 29 5 41 68 58 81 1 45 6 60 7 52 86 74 19 4 14 93 100 13 97 10 32 57 12 84 40 52 4 51 69 86 4 92 46 91
53 68 89 77 21 32 101 83 12 98 60 66 88 31 31 25 5 23 29 27 92 24 73 40 5 59 65 57 36 61 62 71 8 40 2 86 19 27 89 33 44 73 64 21 55 14 60 20 22 11 10 21 39 8 7 75 9 57 15 49 65 30 35 64 24 80 86 18 15 10 13 72 0 4 21 16 14 48 35 76 22 65 13 54 88 87 19 15 66 65 14 64 64 56 100 67 26 91 81 90 54 75 85 70 4 79 13 80 13 79 26 52 51 25 65 57 78 56 77 20 37 9 90 86 50 65 40 1 56 59 32 84 74 56 43 85 48 65 73 92 101 37 32 17 50 82 29 26 56 101
65 41 40 11 99 86 63 89 31 29 91 73 33 17 30 100 45 73 68 81 2 18 27 33 43 85 4 68 76 86 44 25 89 4 75 20 7 7 22 27 70 73 40 100 45 32 65 2 28 82 95 87 83 4 25 38 87 64 45 40 56 77 21 17 36 12 77 20 14 21 85 17 4 0 16 59 60 39 96 35 67 72 98 28 70 40 6 31 31 41 10 80 42 28 5 53 88 23 24 63 92 55 100 40 21 77 65 8 63 69 91 1 12 8 27 22 50 96 14 92 46 13 59 19 91 74 95 31 8 42 84 90 95 21 99 94 17 11 83 61 58 13 28 82 61 28 71 92 48 58
39 41 65 95 5 89 98 89 62 44 58 48 74 14 69 26 6 49 10 43 80 19 28 76 47 29 101 73 78 92 62 2 26 19 17 26 35 60 83 15 66 65 80 29 13 86 89 101 78 34 48 55 2 63 59 71 81 3 66 26 46 81 86 8 2 51 89 47 90 31 67 101 21 16 0 87 32 22 1 60 27 70 26 66 2 90 28 94 19 74 67 61 2 37 6 31 47 74 15 82 93 34 33 56 80 53 32 16 50 40 39 75 14 8 51 30 43 84 39 90 50 12 19 33 47 36 41 66 97 64 83 36 51 89 91 35 36 84 2 61 77 7 12 23 40 66 36 6 94 8
6 12 55 6 94 30 54 62 61 97 58 45 18 50 82 48 78 18 40 68 50 93 66 7 32 62 68 52 14 58 80 17 14 1 14 45 82 94 28 9 33 10 5 64 24 73 69 1 52 67 93 97 67 1 21 29 81 44 25 35 44 5 36 15 42 98 4 11 48 84 55 53 16 59 87 0 47 74 46 42 33 57 82 99 20 96 2 93 78 80 63 8 39 2 34 58 74 45 80 61 42 12 52 94 12 4 78 70 29 23 16 77 54 32 64 88 57 8 1 5 97 16 41 63 84 99 83 24 13 72 85 57 74 56 28 76 77 53 66 101 16 11 8 44 80 3 99 37 95 38
37 101 28 1 91 48 29 96 45 59 63 19 6 65 26 72 48 68 42 75 67 80 95 60 37 20 23 44 81 4 80 62 97 37 91 100 40 36 82 82 57 7 79 45 41 39 76 11 37 73 11 51 16 20 45 85 18 45 44 70 5 43 62 84 21 70 87 85 3 65 90 42 14 60 32 47 0 13 59 31 78 94 7 84 48 23 8 6 88 70 71 67 6 27 78 90 6 61 50 19 79 44 30 2 27 97 59 37 89 34 84 12 74 72 8 15 32 97 13 63 20 46 44 55 21 67 58 64 97 69 38 38 21 17 42 39 30 1 52 45 85 100 51 45 89 52 46 57 61 100
69 38 27 76 78 97 20 90 24 48 73 79 95 80 16 23 29 94 39 43 19 21 8 37 63 3 83 19 2 36 78 61 94 13 35 7 55 36 41 56 11 21 40 15 87 14 31 61 93 11 56 18 35 39 4 94 99 48 13 33 10 74 2 23 91 99 42 2 52 25 16 100 48 39 22 74 13 0 51 52 60 51 97 95 46 23 11 59 25 14 57 2 62 86 26 32 52 87 97 25 32 33 20 69 88 66 83 30 13 55 62 2 100 6 50 28 51 33 52 90 63 25 99 22 39 1 71 92 56 33 96 55 76 85 27 60 35 55 101 25 39 51 65 86 93 81 99 31 70 32
53 49 72 35 43 100 56 41 80 24 99 101 13 99 53 27 49 13 96 35 70 6 87 57 93 45 25 60 58 21 31 70 96 47 99 96 42 95 37 64 25 18 12 31 55 55 83 58 59 45 16 16 73 16 47 9 14 94 61 60 42 12 54 92 78 36 88 54 8 21 88 22 35 96 1 46 59 51 0 52 29 96 12 6 35 78 45 63 100 16 33 71 43 65 101 54 43 30 93 29 17 101 30 42 87 93 31 32 23 70 99 4 39 8 46 49 75 8 47 23 18 82 61 80 74 16 4 95 50 18 98 96 42 2 15 50 47 34 33 80 90 45 19 28 25 84 33 17 98 38
7 101 27 26 39 89 48 27 55 87 67 37 94 21 48 61 13 58 35 28 95 88 31 15 65 26 23 53 3 19 88 68 42 51 21 4 25 34 29 2 10 8 68 18 77 87 78 27 26 88 26 91 31 98 69 12 58 6 14 2 6 99 15 25 33 61 39 32 86 78 61 59 76 35 60 42 31 52 52 0 73 45 77 30 54 49 32 99 51 44 15 84 12 32 69 26 1 26 10 60 13 11 65 48 79 85 64 71 43 75 54 83 73 84 79 54 49 38 82 96 101 60 63 44 19 44 67 25 61 14 52 75 13 86 97 4 7 78 72 77 85 62 38 101 92 54 15 11 83 10
63 9 100 32 55 54 4 93 86 29 80 50 78 29 53 17 95 26 97 7 91 74 89 53 34 51 43 28 37 10 85 27 8 64 83 31 47 36 37 33 79 80 6 14 25 89 55 91 29 93 41 46 37 74 63 58 28 71 52 91 101 99 77 72 11 13 13 85 7 88 2 95 22 67 27 33 78 60 29 73 0 75 70 20 54 18 77 86 34 23 4 18 70 79 94 85 35 19 34 2 65 90 55 21 101 11 20 90 16 13 101 11 33 81 6 83 88 49 13 30 54 60 47 78 26 81 97 48 66 64 7 100 61 72 64 17 43 33 16 10 35 50 14 48 34 69 20 74 75 57
48 60 71 19 5 88 95 80 27 15 22 48 51 84 70 101 92 78 33 42 16 97 8 58 34 92 47 3 28 97 16 52 101 37 11 66 79 6 32 36 15 66 9 78 9 61 4 94 66 38 21 31 73 88 39 33 56 52 44 46 98 43 48 8 78 73 29 54 89 2 38 14 65 72 70 57 94 51 96 45 75 0 42 90 41 80 36 61 91 84 7 20 10 13 64 71 13 30 10 60 59 83 42 82 82 68 36 62 88 97 23 41 26 36 34 63 69 45 71 32 62 19 68 5 101 46 20 8 51 27 85 54 4 40 29 59 31 60 49 66 72 75 6 10 18 18 15 92 17 51
74 12 101 21 90 39 12 53 42 47 30 39 15 11 83 80 16 22 23 31 24 5 26 59 15 85 4 16 65 22 86 43 16 34 77 75 18 41 13 65 81 39 101 100 95 90 60 10 52 89 77 23 61 45 40 37 56 82 67 91 26 96 60 49 85 41 22 58 77 28 4 65 13 98 26 82 7 97 12 77 70 42 0 33 9 36 39 13 6 64 22 30 64 93 66 24 16 89 3 42 101 67 72 90 94 51 16 37 75 35 99 3 21 48 25 40 101 48 14 24 47 90 94 67 85 85 80 35 47 74 55 57 53 84 30 88 68 90 38 68 63 79 97 13 36 43 28 80 85 85
9 64 32 69 4 24 79 24 89 10 64 8 36 11 79 52 92 84 99 48 17 88 99 36 74 21 77 53 41 27 97 100 71 27 9 49 37 10 40 41 30 3 85 14 12 53 9 65 64 59 101 40 46 19 86 54 84 42 77 1 61 88 83 86 37 57 71 31 90 95 65 37 54 28 66 99 84 95 6 30 20 90 33 0 20 29 80 5 11 25 35 86 32 25 41 49 96 82 57 65 54 16 65 8 33 5 71 6 51 71 73 33 40 29 45 92 42 48 24 37 45 88 47 60 32 89 55 17 56 29 84 21 37 29 47 92 39 8 46 39 39 39 28 22 97 11 69 8 37 28
21 15 1 13 9 10 49 25 22 46 28 57 78 48 67 50 21 83 76 65 85 52 66 69 49 43 32 79 44 101 33 5 17 2 6 80 90 46 50 59 76 21 10 12 5 24 81 51 36 74 48 75 86 18 68 16 78 45 16 15 88 86 11 96 56 26 100 81 84 88 74 17 88 70 2 20 48 46 35 54 54 41 9 20 0 43 1 73 40 51 90 69 84 67 25 74 8 5 94 74 48 55 25 56 42 75 100 44 81 4 52 51 91 51 18 32 18 45 36 10 23 49 43 24 62 99 86 31 95 9 96 15 87 65 41 12 72 38 63 20 32 12 70 38 68 70 49 48 8 4
99 6 53 65 46 86 67 51 29 33 82 47 3 77 35 53 96 70 63 83 89 18 28 26 68 64 67 90 14 1 76 99 78 76 45 20 87 45 8 36 100 3 81 5 78 22 91 96 3 53 5 88 51 83 79 46 61 59 84 96 15 78 25 32 35 24 61 27 37 23 12 36 87 40 90 96 23 23 78 49 18 80 36 29 43 0 85 88 20 7 29 39 49 40 70 44 37 1 101 93 38 50 80 81 59 59 61 20 82 44 9 85 7 5 28 17 80 89 96 37 12 49 15 76 83 40 14 81 97 26 29 82 77 68 45 17 35 52 68 18 12 28 2 49 39 67 89 20 76 75
31 62 90 93 59 68 24 41 15 91 92 34 42 10 36 69 26 22 5 73 66 53 4 19 45 31 53 16 58 29 70 34 23 82 80 81 97 22 89 80 99 39 40 12 56 83 73 5 28 63 5 62 84 99 48 34 70 27 88 52 37 77 14 24 99 56 34 98 3 14 1 91 19 6 28 2 8 11 45 32 77 36 39 80 1 85 0 86 28 94 79 25 52 74 28 97 77 21 27 79 64 85 100 96 4 55 24 52 30 17 63 27 52 55 70 56 32 24 27 1 16 58 7 77 95 50 3 56 80 74 87 26 13 59 65 59 96 62 22 82 35 26 31 71 49 99 93 2 5 44
79 94 100 34 83 96 20 87 24 62 30 44 15 4 29 94 6 92 39 19 69 24 89 44 30 92 35 68 28 29 55 97 40 13 85 72 79 73 98 88 42 65 63 26 51 95 79 65 75 15 47 32 70 16 2 81 75 14 71 17 1 51 13 9 65 10 16 81 2 28 65 54 15 31 94 93 6 59 63 99 86 61 13 5 73 88 86 0 46 52 70 77 67 78 17 12 66 47 84 95 79 23 87 5 101 13 43 45 39 87 52 36 17 59 60 76 7 94 41 48 68 29 88 41 92 67 16 29 8 39 47 49 36 78 21 78 27 100 24 101 1 93 89 40 11 22 96 68 81 21
93 25 6 34 61 92 9 80 44 51 44 67 43 88 89 86 93 82 99 86 2 56 83 10 2 70 65 47 60 97 59 1 74 69 73 8 12 72 63 95 16 73 61 40 44 58 52 83 66 78 60 37 44 82 21 93 75 95 82 40 89 56 5 86 88 51 22 53 24 76 29 83 66 31 19 78 88 25 100 51 34 91 6 11 40 20 28 46 0 31 17 46 46 24 53 27 88 59 65 85 5 36 44 73 47 49 93 34 2 80 14 43 46 7 38 32 93 8 50 64 80 74 30 44 6 34 29 33 12 41 43 14 84 69 67 70 40 46 36 11 70 99 99 45 23 61 13 82 88 44
58 34 69 67 16 50 25 16 1 5 44 94 66 21 59 73 63 71 33 89 1 82 46 30 56 1 74 66 49 15 101 65 58 77 34 93 61 32 27 66 40 20 20 1 74 32 70 22 39 84 16 89 9 97 59 84 40 99 4 72 65 41 82 67 99 52 12 42 2 88 46 100 65 41 74 80 70 14 16 44 23 84 64 25 51 7 94 52 31 0 95 8 28 8 32 11 38 16 15 1 10 83 79 33 2 22 43 9 43 85 70 37 98 52 35 76 24 43 7 39 18 34 75 75 41 50 6 54 31 74 98 31 10 66 33 21 76 100 76 90 61 63 89 95 3 7 26 86 42 11
96 10 25 88 88 26 42 7 72 99 43 81 39 90 97 22 31 22 84 48 96 22 3 69 54 22 47 76 15 95 81 83 97 86 70 15 41 9 39 97 10 27 73 38 47 24 60 29 5 17 26 48 79 38 9 52 53 25 7 60 14 8 85 63 28 13 76 84 52 94 84 42 14 10 67 63 71 57 33 15 4 7 22 35 90 29 79 70 17 95 0 27 8 90 68 42 31 57 54 64 19 14 10 26 38 13 72 98 90 8 24 33 31 27 78 82 63 63 60 45 8 74 34 86 39 43 76 50 86 60 57 80 18 64 60 70 34 72 52 58 67 97 73 47 3 57 71 97 82 66
57 74 58 25 68 33 41 4 12 14 16 100 27 2 73 71 96 7 12 85 36 20 77 90 2 33 9 63 55 65 16 91 65 83 51 21 63 35 72 80 32 101 101 68 68 58 100 76 41 52 81 56 47 24 65 48 2 79 68 11 3 88 4 9 54 79 57 48 35 78 14 99 64 80 61 8 67 2 71 84 18 20 30 86 69 39 25 77 46 8 27 0 62 63 22 22 1 76 55 26 48 87 72 70 80 12 24 50 57 97 24 57 5 29 46 97 10 68 85 54 56 67 1 41 60 93 47 88 13 4 38 8 74 83 58 69 93 63 49 83 91 3 71 83 10 53 3 81 39 84
88 60 45 88 91 86 34 33 68 15 87 64 75 6 38 35 93 26 67 32 58 33 19 30 28 24 45 56 71 59 99 22 52 19 79 65 25 53 68 92 42 85 9 46 72 62 71 20 74 22 5 49 99 48 90 91 101 14 58 82 12 3 94 82 68 14 51 40 81 82 92 30 64 42 2 39 6 62 43 12 70 10 64 32 84 49 52 67 46 28 8 62 0 68 12 44 72 53 40 86 1 10 14 53 92 1 1 1 49 74 14 47 58 48 94 56 18 43 76 94 52 61 79 54 79 33 73 81 27 100 89 80 99 36 39 98 7 8 16 48 28 11 95 34 38 77 29 48 72 64
26 47 6 87 69 84 80 27 66 67 14 36 23 69 11 42 84 3 26 86 19 91 54 96 55 24 52 92 35 56 41 85 100 42 72 75 5 98 86 15 14 20 65 69 91 92 85 74 32 76 25 35 46 73 71 41 6 17 20 71 39 4 53 21 6 8 18 97 12 49 37 101 56 28 37 2 27 86 65 32 79 13 93 25 67 40 74 78 24 8 90 63 68 0 35 53 65 64 21 57 43 54 46 6 74 47 66 60 13 65 46 80 88 3 86 69 57 12 17 85 40 34 1 75 27 83 26 63 87 29 60 28 9 90 58 5 28 46 51 14 88 79 78 58 39 75 86 44 28 39
55 38 28 53 79 21 10 11 99 61 15 14 87 88 76 27 15 14 1 89 85 68 51 53 53 92 100 48 31 68 11 97 93 54 44 58 87 50 37 12 62 68 43 24 94 2 94 7 4 101 9 50 56 11 70 43 80 75 38 14 55 20 89 40 86 80 21 11 1 101 4 46 100 5 6 34 78 26 101 69 94 64 66 41 25 70 28 17 53 32 68 22 12 35 0 57 65 53 9 33 66 28 46 101 95 22 47 81 33 84 62 5 8 32 4 13 45 94 94 26 15 80 90 49 15 64 32 59 95 37 87 5 19 89 83 11 67 96 32 83 25 30 44 50 100 5 15 80 60 22
83 18 87 71 25 75 46 69 63 63 36 32 87 21 61 74 70 24 94 30 3 30 46 15 7 74 32 28 10 75 27 95 42 10 11 16 28 24 38 21 78 46 46 78 82 64 15 36 74 94 27 22 52 71 75 98 12 80 9 42 51 93 61 32 55 45 62 46 68 30 48 22 67 53 31 58 90 32 54 26 85 71 24 49 74 44 97 12 27 11 42 22 44 53 57 0 18 2 57 80 42 48 91 45 16 82 39 8 34 28 90 3 2 14 75 18 19 94 15 31 10 13 27 46 23 74 56 15 101 92 92 16 45 74 4 15 37 67 11 90 94 95 62 46 89 63 72 101 70 5
36 99 33 73 42 76 50 57 4 12 49 82 64 67 89 39 72 24 99 82 16 19 7 11 90 38 85 99 91 44 24 3 45 61 72 24 8 93 8 9 3 80 27 89 16 94 99 101 65 88 2 32 38 64 15 85 29 14 87 45 62 57 30 8 39 15 31 85 1 54 56 94 26 88 47 74 6 52 43 1 35 13 16 96 8 37 77 66 88 38 31 1 72 65 65 18 0 57 7 30 48 38 10 14 73 62 60 46 75 66 71 23 48 82 50 81 86 72 72 11 34 1 23 28 95 11 98 1 22 92 80 40 55 91 93 101 85 68 51 47 28 43 72 42 29 90 73 32 32 39
32 61 12 10 79 28 43 26 16 25 52 78 4 65 49 51 31 95 7 20 60 51 101 65 29 35 17 77 31 87 40 85 4 36 34 16 49 49 16 17 43 66 14 43 93 31 21 62 77 41 78 33 99 18 93 8 83 100 31 87 73 30 100 39 86 14 53 88 7 97 5 20 91 23 74 45 61 87 30 26 19 30 89 82 5 1 21 47 59 16 57 76 53 64 53 2 57 0 16 34 31 19 97 94 76 14 9 18 72 41 86 39 56 3 64 95 75 90 4 67 2 64 11 48 17 33 24 64 73 43 99 59 85 13 53 7 95 35 36 43 33 41 91 93 9 41 22 12 100 88
99 24 43 16 98 27 14 28 87 25 14 17 54 63 66 15 43 31 22 45 15 41 101 51 60 1 22 9 40 90 39 52 84 76 55 36 38 82 83 49 15 94 81 23 9 3 79 60 5 43 49 64 4 44 27 61 15 44 17 89 29 26 3 24 24 101 12 98 7 30 50 79 81 24 15 80 50 97 93 10 34 10 3 57 94 101 27 84 65 15 54 55 40 21 9 57 7 16 0 79 54 73 78 63 69 34 57 79 9 80 45 101 84 87 89 50 33 91 47 52 17 66 39 35 98 26 96 86 46 41 99 99 79 89 61 26 93 53 73 38 89 33 42 38 5 82 91 74 80 101
2 45 7 25 30 12 90 64 19 96 92 94 89 72 70 49 56 61 54 73 91 48 61 91 25 68 28 76 66 77 17 73 84 100 99 36 29 85 92 27 50 9 2 53 22 40 9 48 51 45 38 35 75 30 17 78 32 68 55 30 47 89 100 46 37 30 89 4 70 94 77 22 90 63 82 61 19 25 29 60 2 60 42 65 74 93 79 95 85 1 64 26 86 57 33 80 30 34 79 0 100 27 26 76 1 1 79 89 28 74 37 55 91 77 85 1 3 39 11 35 90 38 30 17 9 83 86 101 94 37 60 31 36 46 13 97 92 79 35 101 59 21 18 101 13 8 87 44 45 77
15 86 60 37 14 19 60 60 66 65 66 54 25 20 8 66 88 17 66 76 22 15 34 10 60 14 17 37 66 25 51 91 57 27 76 63 3 4 81 23 50 91 22 4 100 95 38 79 34 85 4 93 39 83 71 64 63 96 92 83 31 90 61 52 37 24 41 98 28 1 96 64 54 92 93 42 79 32 17 13 65 59 101 54 48 38 64 79 5 10 19 48 1 43 66 42 48 31 54 100 0 93 65 44 59 81 35 101 32 54 56 77 76 52 99 62 76 75 36 31 1 21 24 86 6 41 99 54 93 9 40 79 83 64 13 70 27 9 73 95 69 28 68 33 91 65 57 45 64 52
39 29 45 23 47 31 50 31 10 87 76 8 24 4 101 98 86 101 15 58 75 64 5 66 98 55 26 92 13 2 97 88 11 77 94 83 81 79 48 50 90 21 37 37 72 26 65 86 24 47 16 92 92 45 7 37 69 26 49 9 28 93 57 40 1 23 17 48 4 65 31 82 75 55 34 12 44 33 101 11 90 83 67 16 55 50 85 23 36 83 14 87 10 54 28 48 38 19 73 27 93 0 9 3 34 54 57 94 37 16 98 32 52 14 58 54 84 31 13 56 50 33 41 17 88 56 40 49 94 43 90 15 5 61 22 83 9 57 81 68 24 73 90 27 25 82 19 22 16 84
86 60 59 14 14 65 95 89 71 34 56 26 81 46 20 40 61 89 46 60 79 94 18 26 92 13 77 2 42 73 82 80 28 2 20 9 71 76 37 19 43 24 99 15 65 53 29 15 98 8 75 66 99 76 36 62 15 100 42 18 83 9 49 57 28 91 8 42 77 93 16 61 85 100 33 52 30 20 30 65 55 42 72 65 25 80 100 87 44 79 10 72 14 46 46 91 10 97 78 26 65 9 0 81 57 54 64 17 2 18 61 100 87 63 27 16 40 48 6 47 35 18 2 41 40 93 31 74 43 68 24 99 23 95 92 57 30 62 40 51 89 13 33 19 95 3 97 6 11 26
81 35 17 64 84 59 38 79 9 75 86 47 35 83 39 83 24 71 98 51 48 77 51 89 97 75 53 87 31 18 58 39 101 22 87 59 43 64 31 70 64 1 14 79 63 37 30 39 38 6 62 16 95 95 80 98 91 2 26 58 15 59 13 19 96 18 14 90 59 18 39 92 70 40 56 94 2 69 42 48 21 82 90 8 56 81 96 5 73 33 26 70 53 6 101 45 14 94 63 76 44 3 81 0 59 19 39 30 17 45 48 69 10 83 55 9 30 98 50 73 95 101 34 81 41 56 35 63 90 51 81 56 20 50 79 10 44 73 81 62 32 86 67 1 69 29 97 30 64 48
73 32 47 10 16 39 64 78 22 13 14 64 86 24 59 92 92 97 48 53 93 53 46 71 98 88 46 80 2 75 91 34 24 13 66 34 26 9 41 39 15 18 55 68 71 19 25 26 75 92 6 18 27 45 83 38 49 61 83 29 35 10 76 51 25 73 5 36 37 26 38 13 4 21 80 12 27 88 87 79 101 82 94 33 42 59 4 101 47 2 38 80 92 74 95 16 73 76 69 1 59 34 57 59 0 25 79 49 95 89 56 19 6 44 37 65 26 89 67 37 81 1 13 32 29 57 29 24 54 64 47 3 81 63 74 78 68 59 90 90 39 45 86 3 25 63 74 42 12 32
72 61 4 17 19 88 27 85 25 54 37 59 65 20 90 90 30 84 100 53 76 93 33 2 55 48 47 77 42 18 60 86 52 61 54 48 85 88 94 96 61 36 62 51 26 14 77 7 80 66 31 57 32 55 68 78 11 84 75 96 98 1 68 38 22 87 62 15 49 13 32 2 79 77 53 4 97 66 93 85 11 68 51 5 75 59 55 13 49 22 13 12 1 47 22 82 62 14 34 1 81 54 54 19 25 0 35 16 68 50 98 27 6 32 97 34 45 54 78 52 85 91 2 95 53 80 44 52 72 30 38 61 67 49 54 92 79 2 50 11 18 20 28 97 91 57 33 94 50 86
93 95 77 4 60 50 80 64 25 35 4 92 24 25 86 55 35 94 19 5 26 49 95 23 33 80 65 31 96 10 96 60 7 92 7 15 57 43 100 26 67 57 4 49 63 2 58 5 22 86 29 77 61 72 35 57 49 30 94 79 84 94 94 96 5 56 31 79 34 74 31 12 13 65 32 78 59 83 31 64 20 36 16 71 100 61 24 43 93 43 72 24 1 66 47 39 60 9 57 79 35 57 64 39 79 35 0 54 79 78 14 58 32 76 51 60 44 42 54 23 80 44 100 54 93 62 44 12 66 81 59 81 8 44 65 26 95 12 4 21 80 56 52 49 2 83 70 48 65 69
74 38 41 65 20 27 36 20 101 15 14 11 89 70 22 9 94 79 55 66 12 74 41 90 18 69 72 95 73 16 63 29 29 75 33 14 6 51 85 12 6 53 39 79 73 89 66 21 66 65 63 92 93 92 3 17 67 61 50 10 62 68 12 38 49 83 79 86 70 10 5 97 80 8 16 70 37 30 32 71 90 62 37 6 44 20 52 45 34 9 98 50 1 60 81 8 46 18 79 89 101 94 17 30 49 16 54 0 74 27 93 77 71 60 14 74 39 60 95 15 12 20 83 71 26 23 60 55 3 16 14 57 99 51 7 65 37 62 56 26 70 72 35 3 45 91 70 81 21 100
64 34 23 13 74 14 33 101 53 54 77 32 65 9 48 51 47 23 48 91 35 49 47 2 81 67 95 76 82 46 73 50 51 71 6 84 62 28 19 69 43 70 59 36 44 40 38 74 99 23 59 95 91 43 24 77 97 35 68 57 20 4 89 98 23 85 37 84 86 57 27 46 13 63 50 29 89 13 23 43 16 88 75 51 81 82 30 39 2 43 90 57 49 13 33 34 75 72 9 28 32 37 2 17 95 68 79 74 0 13 61 8 20 63 29 70 14 48 30 34 53 73 8 26 55 63 96 71 100 57 18 41 29 27 28 5 52 8 53 14 31 7 99 19 25 61 5 64 61 97
34 22 87 3 24 86 91 76 26 7 87 26 83 91 13 14 78 12 91 39 71 81 77 42 12 8 83 77 4 28 26 44 97 10 27 19 69 8 26 15 58 30 76 101 58 64 100 28 45 72 1 73 37 72 72 75 92 17 35 69 18 16 26 95 8 98 16 48 71 79 23 94 79 69 40 23 34 55 70 75 13 97 35 71 4 44 17 87 80 85 8 97 74 65 84 28 66 41 80 74 54 16 18 45 89 50 78 27 13 0 99 13 39 30 21 54 56 19 50 10 17 83 4 75 8 3 39 57 48 32 93 94 54 85 44 88 8 69 57 73 93 60 91 47 81 69 14 1 2 40
65 97 88 5 3 74 26 41 30 86 66 20 39 10 53 81 48 23 57 71 43 14 42 40 45 19 65 21 85 49 91 7 52 46 56 13 36 73 82 59 44 7 2 54 62 9 82 50 57 71 6 37 8 67 72 14 67 78 35 12 6 46 86 97 13 18 61 39 56 77 54 70 26 91 39 16 84 62 99 54 101 23 99 73 52 9 63 52 14 70 24 24 14 46 62 90 71 86 45 37 56 98 61 48 56 98 14 93 61 99 0 21 11 79 31 78 96 2 64 92 19 59 42 57 3 41 61 66 51 23 50 22 99 95 48 28 53 23 100 100 40 66 15 90 93 99 78 49 53 88
70 39 76 4 87 17 81 82 84 48 2 5 79 86 2 38 36 45 86 95 42 47 96 62 22 58 61 22 57 23 51 31 17 97 78 49 32 6 41 5 28 74 33 37 76 68 35 12 83 19 3 34 91 13 74 61 79 94 12 42 47 40 44 15 76 25 61 12 38 76 62 66 52 1 75 77 12 2 4 83 11 41 3 33 51 85 27 36 43 37 33 57 47 80 5 3 23 39 101 55 77 32 100 69 19 27 58 77 8 13 21 0 96 62 86 55 35 86 55 61 79 82 81 88 66 30 96 94 6 44 11 97 56 14 78 51 79 85 59 88 35 48 64 60 10 13 32 21 47 50
69 26 64 40 67 47 91 64 43 47 96 15 47 44 91 74 99 1 101 79 64 78 76 99 66 30 66 16 78 75 14 87 8 30 41 26 90 52 78 96 69 15 25 65 80 15 39 7 4 43 33 92 101 22 100 91 37 99 99 46 65 32 44 60 5 93 73 90 45 7 86 13 51 12 14 54 74 100 39 73 33 26 21 40 91 7 52 17 46 98 31 5 58 88 8 2 48 56 84 91 76 52 87 10 6 6 32 71 20 39 11 96 0 44 94 80 79 16 77 63 91 23 48 68 72 57 54 15 51 9 27 26 97 47 15 49 43 25 43 82 26 39 73 15 4 45 54 80 31 48
51 56 73 3 37 28 64 83 40 33 28 7 90 95 69 84 19 20 39 4 99 32 16 51 62 45 25 37 71 36 39 6 71 49 55 36 50 91 46 44 10 39 60 43 37 75 47 80 97 74 32 34 50 56 94 80 69 89 7 93 57 73 68 50 52 42 23 98 35 9 27 59 25 8 8 32 72 6 8 84 81 36 48 29 51 5 55 59 7 52 27 29 48 3 32 14 82 3 87 77 52 14 63 83 44 32 76 60 63 30 79 62 44 0 14 79 81 50 53 47 30 95 27 75 3 98 38 19 5 58 1 7 45 64 53 50 57 53 100 24 23 62 50 6 46 21 96 9 100 77
47 23 61 10 1 2 23 70 8 100 50 21 23 83 51 95 89 31 84 50 48 4 30 99 53 25 72 99 82 26 66 21 12 29 18 23 23 29 20 11 92 91 39 2 48 20 69 86 82 91 32 50 80 25 72 61 62 83 60 89 8 72 59 1 79 69 52 47 41 98 91 29 65 27 51 64 8 50 46 79 6 34 25 45 18 28 70 60 38 35 78 46 94 86 4 75 50 64 89 85 99 58 27 55 37 97 51 14 29 21 31 86 94 14 0 100 18 7 30 45 74 44 90 20 89 41 59 27 97 101 95 12 76 20 96 75 87 62 57 36 88 34 96 1 79 66 24 62 73 2
74 22 27 53 87 39 31 59 16 81 98 14 15 34 34 75 73 22 46 62 34 80 46 85 43 21 68 29 94 73 71 42 64 43 96 64 76 91 79 11 77 93 1 67 81 80 55 85 5 43 30 86 63 85 16 21 99 87 99 57 91 88 20 28 16 44 67 37 80 96 22 5 57 22 30 88 15 28 49 54 83 63 40 92 32 17 56 76 32 76 82 97 56 69 13 18 81 95 50 1 62 54 16 9 65 34 60 74 70 54 78 55 80 79 100 0 32 25 22 100 83 29 57 5 31 99 69 8 6 70 99 11 44 2 6 1 74 43 50 10 63 23 6 29 4 3 6 82 36 7
19 86 95 59 51 87 62 71 74 81 90 8 17 38 19 92 26 91 3 56 72 48 90 58 77 68 45 46 75 59 10 31 97 12 48 45 38 96 49 13 38 55 38 85 5 94 60 16 15 15 76 28 60 50 82 84 27 47 67 37 14 99 74 70 84 39 55 51 3 68 74 41 78 50 43 57 32 51 75 49 88 69 101 42 18 80 32 7 93 24 63 10 18 57 45 19 86 75 33 3 76 84 40 30 26 45 44 39 14 56 96 35 79 81 18 32 0 35 22 89 63 87 81 74 11 40 25 71 63 64 63 34 33 54 29 101 4 48 1 47 47 78 66 83 35 20 66 15 10 21
25 26 42 96 88 33 48 37 72 37 79 53 49 31 72 77 79 3 44 101 66 17 18 91 8 64 42 4 43 75 90 95 47 82 37 9 92 68 79 75 95 33 83 86 3 91 43 4 10 41 87 61 22 48 61 25 96 41 73 37 81 47 75 95 23 6 54 34 44 55 36 68 56 96 84 8 97 33 8 38 49 45 48 48 45 89 24 94 8 43 63 68 43 12 94 94 72 90 91 39 75 31 48 98 89 54 42 60 48 19 2 86 16 50 7 25 35 0 6 24 46 67 50 86 40 55 98 34 64 64 61 13 81 47 3 10 64 13 95 43 32 70 46 8 40 61 57 59 33 26
87 52 55 76 82 26 14 63 50 15 57 58 11 9 1 74 96 5 14 51 54 32 1 26 78 37 94 90 27 35 69 23 29 9 43 3 13 50 19 60 74 72 11 24 97 26 94 26 56 48 32 77 19 44 93 42 93 85 73 65 88 52 57 63 78 82 27 92 26 94 13 58 77 14 39 1 13 52 47 82 13 71 14 24 36 96 27 41 50 7 60 85 76 17 94 15 72 4 47 11 36 13 6 50 67 78 54 95 30 50 64 55 77 53 30 22 22 6 0 18 2 54 11 22 5 54 6 41 80 51 73 49 90 96 4 94 49 13 3 7 98 87 13 86 77 7 59 7 50 77
64 70 2 32 89 70 65 59 32 11 5 55 86 58 14 20 71 32 8 21 55 46 30 67 67 21 5 97 31 99 10 19 35 4 10 98 9 19 8 79 1 101 95 1 45 101 39 25 10 53 53 66 23 85 53 51 7 78 9 83 93 20 46 30 81 91 6 1 6 64 4 81 20 92 90 5 63 90 23 96 30 32 24 37 10 37 1 48 64 39 45 54 94 85 26 31 11 67 52 35 31 56 47 73 37 52 23 15 34 10 92 61 63 47 45 100 89 24 18 0 66 30 14 57 62 99 58 39 89 26 28 79 70 44 44 72 16 16 96 27 15 59 62 13 88 16 98 40 97 13
100 71 87 77 13 86 98 60 5 71 2 67 55 58 50 22 93 101 12 36 97 40 56 6 92 76 49 28 16 21 67 18 18 3 20 74 40 56 71 72 78 97 34 29 38 76 61 48 53 78 87 87 22 86 41 49 29 59 62 11 83 27 99 28 78 31 91 6 19 83 19 1 37 46 50 97 20 63 18 101 54 62 47 45 23 12 16 68 80 18 8 56 52 40 15 10 34 2 17 90 1 50 35 95 81 85 80 12 53 17 19 79 91 30 74 83 63 46 2 66 0 59 36 29 52 79 50 73 37 84 92 41 12 96 65 77 13 66 32 69 65 15 46 35 98 39 83 4 21 35
64 98 61 2 90 6 6 39 90 77 77 15 97 6 53 63 15 73 22 65 71 84 81 11 68 67 32 7 47 85 73 11 13 95 76 6 34 24 47 49 98 86 25 38 74 91 39 29 60 98 72 68 75 93 15 2 42 9 18 7 58 97 79 44 101 79 77 17 53 90 76 45 9 13 12 16 46 25 82 60 60 19 90 88 49 49 58 29 74 34 74 67 61 34 80 13 1 64 66 38 21 33 18 101 1 91 44 20 73 83 59 82 23 95 44 29 87 67 54 30 59 0 7 12 67 70 59 82 62 21 16 9 68 45 52 94 32 89 85 89 2 47 53 3 54 25 77 95 5 101
36 24 84 93 71 78 79 82 98 28 77 28 90 69 45 7 57 84 17 90 93 100 26 28 48 59 4 90 90 29 35 15 37 7 98 46 27 42 43 49 54 70 56 60 52 8 73 75 73 29 22 9 41 26 15 45 75 39 63 9 56 85 69 55 31 39 98 70 79 10 39 6 90 59 19 41 44 99 61 63 47 68 94 47 43 15 7 88 30 75 34 1 79 1 90 27 23 11 39 30 24 41 2 34 13 2 100 83 8 4 42 81 48 27 90 57 81 50 11 14 36 7 0 41 25 57 41 32 12 37 1 81 86 11 16 35 28 55 1 1 21 85 17 62 14 100 6 14 56 89
67 35 71 34 10 71 90 29 77 50 16 73 65 57 23 82 101 84 92 32 1 11 50 54 89 45 21 53 57 66 91 10 9 89 99 19 70 46 15 45 94 17 64 57 29 99 61 97 30 23 74 31 87 80 78 55 92 65 18 52 74 93 25 35 46 13 100 58 33 79 56 60 86 19 33 63 55 22 80 44 78 5 67 60 24 76 77 41 44 75 86 41 54 75 49 46 28 48 35 17 86 17 41 81 32 95 54 71 26 75 57 88 68 75 20 5 74 86 22 57 29 12 41 0 6 48 5 68 56 48 52 18 63 61 77 50 83 11 55 55 36 75 57 15 66 96 24 17 7 60
26 82 33 58 15 1 87 40 65 9 17 101 25 77 10 6 97 5 92 5 3 23 25 75 79 83 21 89 69 41 19 31 33 85 21 26 9 86 84 8 31 46 83 77 49 25 82 49 29 59 77 38 30 68 20 40 31 39 7 82 32 31 88 88 5 89 95 32 35 43 28 7 50 91 47 84 21 39 74 19 26 101 85 32 62 83 95 92 6 41 39 60 79 27 15 23 95 17 98 9 6 88 40 41 29 53 93 26 55 8 3 66 72 3 89 31 11 40 5 62 52 67 25 6 0 8 20 8 95 36 56 69 59 91 51 48 82 97 43 98 57 4 79 6 54 10 34 40 92 51
101 13 47 89 3 88 82 58 44 82 34 36 3 67 83 60 92 91 38 16 17 54 44 49 46 13 69 46 73 37 11 64 67 67 90 95 8 82 67 31 63 7 7 15 15 39 88 87 81 45 70 76 38 45 94 79 36 57 13 70 61 21 12 85 67 70 9 24 39 30 51 52 65 74 36 99 67 1 16 44 81 46 85 89 99 40 50 67 34 50 43 93 33 83 64 74 11 33 26 83 41 56 93 56 57 80 62 23 63 3 41 30 57 98 41 99 40 55 54 99 79 70 57 48 8 0 39 95 24 33 23 45 29 31 57 40 33 22 95 55 13 92 29 85 3 5 67 39 24 46
21 21 50 83 72 35 58 49 96 95 43 24 14 81 99 100 35 77 46 26 27 64 11 95 87 21 49 91 44 47 57 52 32 40 6 22 46 47 97 66 33 94 6 34 21 98 100 59 50 50 50 91 86 36 88 10 40 37 51 54 99 84 36 33 39 47 22 64 99 9 14 86 40 95 41 83 58 71 4 67 97 20 80 55 86 14 3 16 29 6 76 47 73 26 32 56 98 24 96 86 99 40 31 35 29 44 44 60 96 39 61 96 54 38 59 69 25 98 6 58 50 59 41 5 20 39 0 94 100 71 2 83 59 79 6 99 19 86 17 90 90 79 25 79 21 89 3 49 70 49
7 72 85 74 26 59 69 71 47 76 78 70 40 72 73 17 2 62 98 67 44 40 2 64 72 68 11 70 75 11 1 17 89 62 77 18 68 60 25 85 97 72 54 42 54 15 2 94 13 42 17 33 3 2 6 15 23 9 51 13 40 70 47 94 65 60 100 43 52 44 75 74 1 31 66 24 64 92 95 25 48 8 35 17 31 81 56 29 33 54 50 88 81 63 59 15 1 64 86 101 54 49 74 63 24 52 12 55 71 57 66 94 15 19 27 8 71 34 41 39 73 82 32 68 8 95 94 0 27 98 58 27 10 93 70 72 24 84 33 43 73 92 32 61 100 99 38 4 22 79
38 99 47 29 79 83 27 48 63 76 10 45 19 15 48 72 39 58 31 61 34 33 68 9 100 28 19 74 93 46 93 42 35 39 24 57 64 7 2 56 92 76 51 6 81 65 92 64 18 85 44 90 81 84 77 88 34 18 1 20 51 49 56 78 76 33 24 85 56 64 68 19 56 8 97 13 97 56 50 61 66 51 47 56 95 97 80 8 12 31 86 13 27 87 95 101 22 73 46 94 93 94 43 90 54 72 66 3 100 48 51 6 51 5 97 6 63 64 80 89 37 62 12 56 95 24 100 27 0 99 19 17 70 15 11 5 11 30 14 31 23 68 56 91 15 62 12 79 48 69
20 31 40 22 80 92 99 86 37 10 93 63 45 91 43 93 100 89 4 26 63 30 40 68 88 2 29 86 68 99 63 68 75 14 52 25 87 101 7 53 64 50 99 69 76 78 87 26 53 86 57 34 17 74 27 22 13 81 56 1 23 89 66 53 49 56 22 60 3 75 23 4 59 42 64 72 69 33 18 14 64 27 74 29 9 26 74 39 41 74 60 4 100 29 37 92 92 43 41 37 9 43 68 51 64 30 81 16 57 32 23 44 9 58 101 70 64 64 51 26 84 21 37 48 36 33 71 98 99 0 95 24 38 54 37 100 22 1 81 25 92 2 82 15 21 96 90 101 32 68
87 88 39 19 29 61 54 55 20 48 73 12 34 8 54 88 23 87 66 24 33 20 88 73 25 88 97 50 70 33 36 31 8 2 10 22 80 45 59 81 76 97 26 29 67 77 4 96 84 35 44 13 58 69 12 61 3 35 90 76 76 53 8 93 25 66 34 98 2 4 47 14 32 84 83 85 38 96 98 52 7 85 55 84 96 29 87 47 43 98 57 38 89 60 87 92 80 99 99 60 40 90 24 81 47 38 59 14 18 93 50 11 27 1 95 99 63 61 73 28 92 16 1 52 56 23 2 58 19 95 0 4 10 45 8 83 5 92 27 19 99 29 99 85 46 93 52 17 95 47
63 21 69 98 100 85 44 62 40 34 29 92 57 74 50 84 9 76 38 96 59 86 61 28 62 39 48 3 41 55 70 44 83 39 6 19 13 3 81 78 56 56 64 84 23 101 94 73 4 53 85 100 9 27 57 77 19 22 24 5 41 26 7 92 37 90 13 13 45 28 73 93 84 90 36 57 38 55 96 75 100 54 57 21 15 82 26 49 14 31 80 8 80 28 5 16 40 59 99 31 79 15 99 56 3 61 81 57 41 94 22 97 26 7 12 11 34 13 49 79 41 9 81 18 69 45 83 27 17 24 4 0 68 34 95 65 37 25 14 73 53 34 13 94 80 53 64 29 32 47
66 99 63 23 42 58 93 94 70 78 88 29 98 48 55 2 88 65 29 37 65 44 97 66 20 30 50 15 97 40 5 84 36 87 94 28 3 70 19 33 54 43 65 30 41 89 40 8 49 3 15 33 43 25 45 65 12 18 31 41 7 87 72 71 6 71 93 54 48 79 56 100 74 95 51 74 21 76 42 13 61 4 53 37 87 77 13 36 84 10 18 74 99 9 19 45 55 85 79 36 83 5 23 20 81 67 8 99 29 54 99 56 97 45 76 44 33 81 90 70 12 68 86 63 59 29 59 10 70 38 10 68 0 44 21 6 70 91 5 100 60 99 47 30 11 26 52 44 21 67
12 32 53 7 32 77 7 17 9 26 35 4 55 91 65 25 88 42 42 2 56 55 100 3 16 47 96 48 91 6 16 73 92 26 73 20 86 73 39 10 74 39 75 50 95 51 32 6 96 86 19 95 63 43 98 24 69 82 71 101 63 64 12 79 48 57 43 12 100 92 30 13 56 21 89 56 17 85 2 86 72 40 84 29 65 68 59 78 69 66 64 83 36 90 89 74 91 13 89 46 64 61 95 50 63 49 44 51 27 85 95 14 47 64 20 2 54 47 96 44 96 45 11 61 91 31 79 93 15 54 45 34 44 0 33 17 70 60 28 97 57 81 63 56 97 35 47 79 73 91
73 96 50 31 37 19 46 15 23 65 55 60 1 35 5 77 24 49 100 53 100 94 47 32 15 50 20 57 47 16 76 35 14 98 94 30 68 8 98 93 89 98 99 29 22 3 46 73 74 7 42 17 90 67 7 9 95 1 38 22 73 33 60 95 83 93 28 31 45 45 42 97 43 99 91 28 42 27 15 97 64 29 30 47 41 45 65 21 67 33 60 58 39 58 83 4 93 53 61 13 13 22 92 79 74 54 65 7 28 44 48 78 15 53 96 6 29 3 4 44 65 52 16 77 51 57 6 70 11 37 8 95 21 33 0 25 17 40 2 54 54 62 78 33 20 95 67 42 8 61
49 55 72 82 91 26 42 89 2 11 59 36 82 65 94 54 1 78 91 3 7 82 28 93 29 8 76 42 9 78 77 26 39 6 17 68 83 22 55 40 87 48 46 44 36 20 91 3 70 59 32 9 90 60 13 34 20 17 59 80 93 25 81 27 84 22 93 57 20 49 57 10 85 94 35 76 39 60 50 4 17 59 88 92 12 17 59 78 70 21 70 69 98 5 11 15 101 7 26 97 70 83 57 10 78 92 26 65 5 88 28 51 49 50 75 1 101 10 94 72 77 94 35 50 48 40 99 72 5 100 83 65 6 17 25 0 41 61 69 26 54 96 65 9 48 3 45 47 39 85
59 30 77 61 90 91 56 50 75 97 49 17 94 38 7 87 77 30 38 21 18 59 1 96 25 5 63 72 15 46 75 63 73 11 59 57 50 88 33 28 101 43 96 90 90 21 28 28 68 58 52 63 81 82 15 66 88 18 76 38 1 19 91 43 75 80 30 25 88 50 54 32 48 17 36 77 30 35 47 7 43 31 68 39 72 35 96 27 40 76 34 93 7 28 67 37 85 95 93 92 27 9 30 44 68 79 95 37 52 8 53 79 43 57 87 74 4 64 49 16 13 32 28 83 82 33 19 24 11 22 5 37 70 70 17 41 0 57 68 81 97 5 3 69 90 52 15 61 3 50
61 56 53 16 90 31 27 67 63 80 6 36 95 52 10 44 89 90 19 91 10 63 58 8 3 70 4 93 5 95 3 40 36 59 14 51 26 76 21 68 94 16 74 32 17 78 9 71 91 46 13 12 70 30 50 42 23 62 32 43 71 94 60 40 5 14 61 22 71 60 48 57 65 11 84 53 1 55 34 78 33 60 90 8 38 52 62 100 46 100 72 63 8 46 96 67 68 35 53 79 9 57 62 73 59 2 12 62 8 69 23 85 25 53 62 43 48 13 13 16 66 89 55 11 97 22 86 84 30 1 92 25 91 60 40 61 57 0 54 78 76 13 81 101 91 6 33 8 54 67
88 58 30 91 65 11 57 17 92 19 87 46 10 25 42 45 7 36 89 83 20 46 70 70 25 61 71 51 34 83 21 97 13 21 43 28 5 23 54 101 84 85 13 67 42 60 55 60 57 34 98 26 100 61 76 52 20 34 55 10 99 89 23 69 64 39 20 64 74 61 53 12 73 83 2 66 52 101 33 72 16 49 38 46 63 68 22 24 36 76 52 49 16 51 32 11 51 36 73 35 73 81 40 81 90 50 4 56 53 57 100 59 43 100 57 50 1 95 3 96 32 85 1 55 43 95 17 33 14 81 27 14 5 28 2 69 68 54 0 46 2 64 19 36 15 28 39 6 28 71
97 84 44 99 99 53 78 77 61 18 47 19 43 46 64 98 55 19 95 79 65 61 83 50 45 19 45 60 87 92 6 42 75 89 83 94 25 23 92 12 58 1 41 65 44 88 57 24 15 19 58 75 31 88 60 55 12 27 45 11 52 10 83 2 82 80 25 54 84 21 37 84 92 61 61 101 45 25 80 77 10 66 68 39 20 18 82 101 11 90 58 83 48 14 83 90 47 43 38 101 95 68 51 62 90 11 21 26 14 73 100 88 82 24 36 10 47 43 7 27 69 89 1 55 98 55 90 43 31 25 19 73 100 97 54 26 81 78 46 0 25 87 45 80 15 76 96 98 53 62
48 91 17 12 69 70 45 72 93 44 56 65 67 12 4 64 95 82 19 28 97 62 57 99 20 96 4 22 20 69 96 91 1 95 23 63 29 65 49 43 17 41 56 41 21 66 81 57 51 31 59 41 91 47 21 82 9 26 23 63 91 91 99 99 76 22 55 21 45 46 22 40 101 58 77 16 85 39 90 85 35 72 63 39 32 12 35 1 70 61 67 91 28 88 25 94 28 33 89 59 69 24 89 32 39 18 80 70 31 93 40 35 26 23 88 63 47 32 98 15 65 2 21 36 57 13 90 73 23 92 99 53 60 57 54 54 97 76 2 25 0 28 19 58 77 41 18 33 58 27
88 14 55 55 1 5 13 75 53 92 94 47 69 31 74 10 90 38 3 23 43 56 74 8 4 81 63 66 50 12 43 43 37 100 10 9 30 82 56 18 95 38 26 43 64 93 45 2 69 54 3 80 40 63 26 96 37 66 11 93 5 54 69 95 75 32 56 16 52 54 80 52 37 13 7 11 100 51 45 62 50 75 79 39 12 28 26 93 99 63 97 3 11 79 30 95 43 41 33 21 28 73 13 86 45 20 56 72 7 60 66 48 39 62 34 23 78 70 87 59 15 47 85 75 4 92 79 92 68 2 29 34 99 81 62 96 5 13 64 87 28 0 70 39 8 8 77 35 40 15
67 28 2 1 16 92 83 76 9 74 17 7 63 76 26 39 68 95 81 16 45 83 5 20 2 101 32 84 57 97 89 86 53 18 72 24 68 91 62 56 94 94 97 56 81 76 69 61 2 28 96 10 84 42 43 51 1 84 86 88 65 59 68 89 96 31 63 92 47 47 76 4 32 28 12 8 51 65 19 38 14 6 97 28 70 2 31 89 99 89 73 71 95 78 44 62 72 91 42 18 68 90 33 67 86 28 52 35 99 91 15 64 73 50 96 6 66 46 13 62 46 53 17 57 79 29 25 32 56 82 99 13 47 63 78 65 3 81 19 45 19 70 0 43 37 89 3 83 75 74
35 7 16 70 60 74 59 7 69 98 30 6 45 42 74 87 93 36 44 41 62 14 15 76 92 48 48 76 84 36 64 92 11 77 88 69 75 86 29 95 22 76 13 22 38 87 45 38 4 26 40 97 5 18 56 16 89 52 61 42 100 12 35 52 98 77 25 62 77 93 20 51 17 82 23 44 45 86 28 101 48 10 13 22 38 49 71 40 45 95 47 83 34 58 50 46 42 93 38 101 33 27 19 1 3 97 49 3 19 47 90 60 15 6 1 29 83 8 86 13 35 3 62 15 6 85 79 61 91 15 85 94 30 56 33 9 69 101 36 80 58 39 43 0 71 69 33 6 18 72
26 10 15 41 97 70 3 85 51 68 33 6 87 96 56 9 12 27 73 40 70 39 77 24 85 41 81 16 57 34 23 78 2 3 15 56 25 96 37 83 21 1 1 13 16 71 14 11 32 50 96 57 18 83 72 39 84 38 26 17 74 1 48 8 56 42 23 83 53 64 41 69 50 61 40 80 89 93 25 92 34 18 36 97 68 39 49 11 23 3 3 10 38 39 100 89 29 9 5 13 91 25 95 69 25 91 2 45 25 81 93 10 4 46 79 4 35 40 77 88 98 54 14 66 54 3 21 100 15 21 46 80 11 97 20 48 90 91 15 15 77 8 37 71 0 44 37 65 83 5
12 89 75 21 46 88 31 24 38 78 39 98 11 5 32 41 24 2 35 79 31 100 4 3 46 23 101 51 53 39 69 19 4 50 81 59 83 16 55 44 73 100 84 37 100 18 18 52 47 81 92 21 36 14 17 72 83 74 16 32 22 57 101 86 51 29 3 93 27 25 10 86 82 28 66 3 52 81 84 54 69 18 43 11 70 67 99 22 61 7 57 53 77 75 5 63 90 41 82 8 65 82 3 29 63 57 83 91 61 69 99 13 45 21 66 3 20 61 7 16 39 25 100 96 10 5 89 99 62 96 93 53 26 35 95 3 52 6 28 76 41 8 89 69 44 0 46 69 91 58
79 81 62 59 68 36 35 68 46 70 72 55 6 16 74 89 91 70 67 85 90 26 51 14 28 48 7 9 37 77 9 59 77 24 60 97 30 73 65 30 62 20 56 18 10 26 64 42 95 96 43 70 91 83 31 4 4 10 44 52 37 87 9 78 68 72 75 11 1 22 85 4 29 71 36 99 46 99 33 15 20 15 28 69 49 89 93 96 13 26 71 3 29 86 15 72 73 22 91 87 57 19 97 97 74 33 70 70 5 14 78 32 54 96 24 6 66 57 59 98 83 77 6 24 34 67 3 38 12 90 52 64 52 47 67 45 15 33 39 96 18 77 3 33 37 46 0 59 70 40
40 40 53 25 78 68 67 7 86 68 89 96 76 56 19 14 1 77 8 95 69 36 20 88 89 100 29 8 7 6 59 18 35 22 79 84 83 52 27 18 71 37 79 66 35 64 87 30 16 28 97 38 2 99 94 74 29 40 87 80 71 4 32 20 2 43 88 60 55 47 91 92 26 92 6 37 57 31 17 11 74 92 80 8 48 20 2 68 82 86 97 81 48 44 80 101 32 12 74 44 45 22 6 30 42 94 48 81 64 1 49 21 80 9 62 82 15 59 7 40 4 95 14 17 40 39 49 4 79 101 17 29 44 79 42 47 61 8 6 98 33 35 83 6 65 69 59 0 45 19
56 74 79 33 90 23 63 60 72 83 63 88 25 73 27 66 88 6 58 85 96 68 1 40 101 1 74 56 50 12 20 57 64 1 81 10 24 28 97 29 23 71 12 3 82 63 84 91 16 47 56 96 30 13 98 22 53 81 49 34 89 37 85 60 65 56 62 62 36 41 71 46 56 48 94 95 61 70 98 83 75 17 85 37 8 76 5 81 88 42 82 39 72 28 60 70 32 100 80 45 64 16 11 64 12 50 65 21 61 2 53 47 31 100 73 36 10 33 50 97 21 5 56 7 92 24 70 22 48 32 95 32 21 73 8 39 3 54 28 53 58 40 75 18 83 91 70 45 0 100
77 9 16 45 98 36 95 59 52 94 58 98 60 53 50 69 28 101 42 9 89 22 4 44 87 34 96 20 22 47 18 92 70 13 89 49 50 16 81 91 43 43 37 95 12 58 7 99 82 73 9 64 17 82 81 63 16 42 5 78 64 92 16 61 87 27 93 21 89 69 5 91 101 58 8 38 100 32 38 10 57 51 85 28 4 75 44 21 44 11 66 84 64 39 22 5 39 88 101 77 52 84 26 48 32 86 69 100 97 40 88 50 48 77 2 7 21 26 77 13 35 101 89 60 51 46 49 79 69 68 47 47 67 91 61 85 50 67 71 62 27 15 74 72 5 58 40 19 100 0
