0 14 37 65 75 64 75 93 92 73 76 12 52 42 73 80 22 30 10 5 79 87 71 1 25 80 4 70 17 39 8 15 8 2 97 25 85 21 81 37 100 57 38 66 40 64 56 16 81 20 2 30 38 84 94 69 14 11 13 55 40 37 58 56 74 80 11 81 53 86 66 15 39 9 78 87 21 86 77 5 4 78 45 45 32 52 6 66 6 90 86 98 45 64 15 79 68 32 31 39 78 54 82 91 18 7 41 26 26 5 6 10 69 57 76 22 95 64 52 76 4 39 26 7 101 5 66 23 93 84 78 63 6 85 30 56 69 53 42 13 36 87 81 54 60 10 22 40 21 23
14 0 53 65 29 84 66 76 15 22 73 52 51 24 29 6 68 80 38 47 39 22 66 27 19 54 80 53 7 63 34 63 20 71 58 80 37 61 1 32 4 90 6 96 67 78 70 40 11 37 27 79 1 72 78 49 22 9 48 91 25 34 35 82 93 42 11 15 35 45 14 93 60 41 4 19 93 78 74 73 12 14 89 37 91 58 34 93 89 49 17 1 7 64 74 91 71 55 1 93 46 38 60 81 42 89 25 52 62 79 58 48 43 82 5 12 48 93 8 14 90 82 9 65 53 84 19 46 43 51 71 7 7 27 65 95 62 78 63 99 64 48 93 63 36 64 42 86 13 29
37 53 0 20 94 40 1 1 31 88 20 57 91 46 89 48 33 3 68 14 16 37 73 40 14 76 101 99 29 91 21 66 1 63 58 67 59 46 13 11 91 23 36 52 41 74 32 15 23 5 33 47 90 33 61 30 92 88 57 68 12 90 35 75 60 57 37 45 91 98 97 73 68 67 66 63 34 43 21 11 99 98 100 6 48 8 10 66 8 59 55 23 62 20 68 14 96 83 8 50 45 73 70 100 38 79 84 57 88 68 53 63 5 89 81 81 21 63 62 88 97 45 63 70 28 46 10 44 48 91 39 9 22 71 98 89 10 72 9 86 15 29 24 38 88 22 86 35 44 7
65 65 20 0 78 2 33 55 46 64 5 15 1 17 30 75 79 78 49 47 42 58 83 20 28 71 45 73 94 88 61 87 20 40 25 21 18 11 19 69 45 59 77 42 22 84 97 38 55 33 51 96 73 17 94 33 7 34 24 11 51 85 22 79 89 93 52 10 71 62 6 19 57 91 66 28 22 6 91 92 65 4 31 75 7 16 58 16 44 74 35 58 57 38 4 50 58 33 53 25 15 21 9 89 31 92 51 42 95 70 82 85 25 75 59 90 91 23 92 65 41 47 88 99 81 85 76 61 90 80 60 44 36 91 80 46 86 61 77 74 73 2 4 61 1 16 94 84 7 67
75 29 94 78 0 38 17 2 52 31 44 34 47 57 18 13 90 49 31 97 90 27 67 84 21 23 60 44 54 67 100 47 65 34 74 65 97 22 58 66 9 66 8 25 63 63 1 33 76 73 95 89 98 84 69 9 98 3 61 88 18 61 62 92 47 50 18 31 20 4 61 55 19 73 6 98 5 2 88 35 16 88 66 47 92 12 57 48 6 47 85 34 24 82 94 12 32 77 41 42 48 28 11 15 23 94 10 12 90 62 52 21 67 7 56 53 48 48 11 12 14 32 74 52 81 12 96 28 61 15 76 85 19 31 55 60 16 61 90 16 80 43 99 75 1 82 35 32 55 43
64 84 40 2 38 0 13 91 93 23 84 65 100 47 10 54 36 39 33 58 35 27 95 10 42 67 71 45 84 14 53 63 29 29 9 87 2 66 81 29 20 80 67 15 63 47 25 10 58 5 95 42 77 62 35 99 97 74 78 46 17 16 23 60 68 76 58 21 71 24 14 9 75 100 92 65 16 69 87 40 1 51 51 23 48 83 66 13 30 26 10 67 13 79 52 28 88 39 27 63 1 94 85 2 16 16 22 79 91 97 87 81 72 39 55 43 25 69 18 14 65 29 94 36 72 32 74 17 37 33 94 20 47 24 37 79 32 51 65 69 88 48 51 55 42 12 91 82 39 13
75 66 1 33 17 13 0 15 58 46 54 92 30 7 86 65 47 87 68 59 51 22 19 101 7 5 61 35 89 7 64 10 45 34 65 90 73 79 36 44 32 49 6 98 35 24 78 35 69 15 63 68 55 24 4 17 41 98 14 44 26 67 55 99 65 40 40 75 61 79 73 47 83 46 79 77 16 85 86 27 49 93 78 5 67 22 101 22 44 28 94 79 47 69 4 3 36 76 73 91 82 18 39 3 99 76 67 1 61 101 86 62 98 8 55 98 3 10 11 55 50 46 67 86 99 25 46 45 34 3 68 36 10 95 43 34 19 16 61 60 37 90 21 22 41 13 58 87 10 87
93 76 1 55 2 91 15 0 14 58 54 31 79 54 38 43 32 7 86 83 90 11 83 89 44 51 37 7 89 19 100 22 73 72 93 36 81 95 69 48 36 9 21 2 10 37 6 43 8 79 31 21 37 49 96 33 28 19 48 38 61 65 77 57 87 63 48 7 9 74 83 14 60 13 82 98 100 27 27 46 44 2 32 50 14 58 7 74 13 61 36 93 99 96 62 7 3 3 28 34 38 5 63 35 56 3 13 2 68 5 83 50 25 50 92 8 60 62 26 9 75 10 45 2 93 59 69 19 52 79 32 74 6 26 22 47 63 55 35 7 14 10 17 85 90 9 45 95 5 93
92 15 31 46 52 93 58 14 0 49 92 45 22 11 30 29 59 35 56 100 27 32 33 13 78 54 55 101 34 13 54 45 40 81 48 70 95 35 73 28 76 50 34 71 33 58 80 11 39 18 64 6 30 28 28 39 86 98 87 52 5 49 22 75 51 76 74 101 87 76 80 13 10 28 68 100 90 81 48 20 73 3 25 3 55 68 100 93 32 86 44 7 49 14 14 4 41 96 62 75 30 60 94 39 88 85 95 35 17 90 64 66 84 56 38 1 82 30 73 76 27 11 19 35 21 59 40 44 38 70 61 38 15 43 30 77 76 18 50 69 10 50 45 88 40 52 50 55 30 32
73 22 88 64 31 23 46 58 49 0 71 99 61 83 93 64 27 61 81 98 70 69 79 4 49 101 4 24 64 98 32 33 13 74 65 82 64 70 79 54 80 9 98 16 53 51 86 5 42 59 18 32 3 38 30 22 60 21 78 83 60 87 51 55 96 48 95 15 79 33 76 99 101 35 46 53 29 48 42 98 94 58 53 66 11 8 70 35 57 2 71 57 55 3 64 61 24 98 89 5 86 100 17 66 17 86 97 86 39 62 58 66 95 96 41 100 37 21 81 50 14 101 84 75 25 31 41 18 39 41 50 98 8 71 42 2 90 67 16 31 93 60 89 18 52 90 69 90 81 31
76 73 20 5 44 84 54 54 92 71 0 41 24 17 26 52 34 81 72 21 40 26 75 71 31 1 63 97 57 71 30 53 81 70 65 27 11 64 84 27 93 91 2 70 86 67 72 17 38 88 72 46 40 20 41 54 89 87 53 55 13 68 77 49 62 2 8 45 66 47 55 101 69 23 51 4 44 99 86 92 11 72 69 61 87 67 8 49 93 81 44 50 82 65 7 7 77 76 100 3 92 65 8 63 40 57 32 20 58 84 2 36 67 45 63 26 45 2 90 100 21 62 56 19 46 49 69 91 17 85 63 8 31 1 88 9 78 101 62 66 54 51 2 83 45 54 69 81 8 52
12 52 57 15 34 65 92 31 45 99 41 0 93 85 43 34 11 59 98 20 99 5 46 98 53 85 83 23 48 60 91 65 87 75 54 6 84 98 42 53 67 86 12 1 52 25 96 11 96 41 71 52 64 52 82 78 2 53 73 15 50 12 6 14 68 13 17 19 18 46 65 18 73 25 53 3 72 32 14 96 9 41 75 51 36 6 35 32 74 66 64 46 5 52 75 97 58 19 88 74 87 49 43 13 100 27 50 94 23 66 2 93 79 50 69 12 23 66 91 40 74 93 99 70 71 90 27 73 40 57 47 74 67 20 77 100 86 37 52 79 43 27 100 73 94 40 85 83 101 43
52 51 91 1 47 100 30 79 22 61 24 93 0 96 55 23 69 49 74 64 50 94 66 50 16 11 89 26 8 72 86 26 30 46 64 7 64 45 77 39 88 93 65 78 76 44 79 96 94 48 22 60 57 86 67 6 50 93 60 94 63 71 46 35 44 97 95 71 48 47 38 51 56 42 55 16 9 37 13 76 95 40 23 42 46 58 52 34 50 63 57 89 36 18 21 25 50 67 28 54 55 65 25 39 83 95 60 7 59 91 33 12 91 15 2 10 99 50 101 71 101 72 93 73 43 88 85 27 50 14 91 88 43 85 82 56 55 1 74 77 28 27 19 88 36 33 2 98 69 37
42 24 46 17 57 47 7 54 11 83 17 85 96 0 81 53 71 7 43 54 94 20 98 61 12 61 65 95 78 76 72 46 81 73 97 68 25 10 79 49 70 9 58 9 63 29 38 80 50 77 92 73 97 7 97 74 15 88 87 32 82 96 20 21 66 82 55 20 68 56 2 43 33 37 80 75 39 71 70 90 95 50 15 67 62 35 48 72 84 90 37 44 90 92 13 6 71 46 47 50 84 43 8 2 70 30 61 75 92 89 16 44 35 9 27 21 27 17 3 78 51 54 47 54 22 98 80 84 22 82 79 3 59 41 55 86 92 48 57 49 24 18 59 81 13 17 94 25 99 55
73 29 89 30 18 10 86 38 30 93 26 43 55 81 0 69 66 97 45 22 65 34 64 93 9 29 39 55 12 27 20 38 47 26 34 50 72 89 57 83 56 63 12 70 78 2 67 78 36 96 78 90 91 89 99 66 87 92 96 61 78 3 83 44 48 36 59 73 76 81 4 25 19 52 14 89 101 41 40 97 19 18 53 74 94 34 3 54 97 94 78 99 25 81 29 77 35 47 88 85 13 96 24 67 49 8 47 44 12 91 50 94 52 44 16 9 47 96 68 91 62 88 59 89 43 46 70 89 92 57 19 64 51 62 8 49 14 69 49 39 98 28 81 98 22 28 49 26 75 82
80 6 48 75 13 54 65 43 29 64 52 34 23 53 69 0 99 73 64 57 79 40 4 67 62 56 12 9 75 13 41 70 18 13 96 30 13 23 10 87 75 61 32 21 55 5 99 38 19 28 74 54 49 34 81 54 52 66 5 8 79 98 26 100 101 88 95 14 43 77 41 12 77 86 90 73 28 67 69 31 10 50 10 14 95 32 19 54 30 26 87 80 14 39 15 18 9 92 64 3 70 71 60 88 88 89 16 67 58 72 84 55 62 36 44 58 52 61 69 9 79 66 13 85 74 71 11 12 74 3 78 66 20 69 37 72 53 4 99 89 63 81 56 70 55 54 51 75 82 71
22 68 33 79 90 36 47 32 59 27 34 11 69 71 66 99 0 70 55 80 30 61 70 32 62 91 56 12 32 9 57 77 37 94 61 9 87 63 62 93 72 77 75 91 58 20 97 19 83 29 76 65 7 33 26 32 27 47 10 49 81 37 80 54 68 37 27 79 31 72 40 71 61 58 13 42 48 4 86 9 29 11 28 43 1 72 101 66 10 3 44 7 23 77 55 55 22 60 67 32 9 87 70 26 61 98 91 63 65 23 36 83 2 82 83 70 5 76 95 19 100 34 10 99 80 28 2 29 56 30 19 38 40 22 18 72 69 2 22 24 76 8 50 93 31 78 60 95 31 98
30 80 3 78 49 39 87 7 35 61 81 59 49 7 97 73 70 0 51 96 42 89 27 60 50 31 37 56 32 55 77 52 45 62 98 93 86 84 16 34 63 62 97 89 100 9 72 63 49 8 33 49 25 68 64 86 44 10 7 48 87 19 31 77 99 35 6 23 1 30 94 44 47 34 38 52 27 77 91 79 40 56 29 9 6 75 73 54 31 4 78 54 98 51 10 33 67 47 17 40 4 30 12 58 8 58 23 63 58 23 46 4 92 37 33 85 91 2 59 98 6 54 82 93 48 8 26 3 88 44 98 97 85 17 1 44 82 93 83 78 37 87 60 31 52 71 59 65 86 68
10 38 68 49 31 33 68 86 56 81 72 98 74 43 45 64 55 51 0 51 61 59 36 56 29 60 87 87 75 97 14 45 11 89 71 14 27 13 77 2 35 18 95 56 32 12 12 50 15 47 77 50 93 67 60 67 44 18 68 25 95 90 45 94 81 29 20 71 22 46 59 1 101 40 76 79 48 87 6 13 42 5 12 35 33 15 6 66 32 78 15 85 20 42 89 97 26 33 67 50 95 77 59 3 92 27 62 34 78 33 18 2 48 19 40 7 59 20 99 34 46 65 1 78 64 73 32 42 80 22 84 88 42 15 91 40 7 84 36 24 36 29 52 4 13 88 3 48 90 76
5 47 14 47 97 58 59 83 100 98 21 20 64 54 22 57 80 96 51 0 28 41 46 21 19 17 30 37 25 6 92 85 8 47 61 24 35 59 88 26 54 6 46 71 97 14 81 59 74 76 6 67 65 89 17 50 36 87 91 43 48 64 47 98 100 37 58 40 3 98 24 92 70 83 8 67 83 56 39 73 23 101 38 36 57 30 42 67 67 47 6 94 16 44 7 4 101 47 90 70 23 15 3 35 63 33 24 91 70 3 63 42 71 13 33 98 92 66 26 52 22 91 58 37 73 53 97 40 37 78 75 6 28 84 67 41 7 57 28 25 101 27 16 89 39 35 91 49 43 12
79 39 16 42 90 35 51 90 27 70 40 99 50 94 65 79 30 42 61 28 0 42 9 77 21 45 21 57 34 43 14 9 70 31 89 98 39 5 40 18 22 84 48 48 62 64 90 95 84 37 46 10 8 29 72 100 73 84 85 56 12 28 33 69 30 25 48 10 69 95 24 33 12 85 75 48 13 94 46 41 24 93 32 60 13 39 39 45 4 86 88 19 92 20 76 86 49 50 55 77 29 49 9 97 75 71 37 89 31 45 12 49 81 14 63 93 68 68 12 55 42 59 45 71 80 55 77 11 69 89 99 79 57 32 95 83 76 15 70 60 42 59 97 24 9 44 80 21 16 55
87 22 37 58 27 27 22 11 32 69 26 5 94 20 34 40 61 89 59 41 42 0 25 14 82 35 43 52 25 86 22 101 80 73 36 40 68 16 68 63 35 88 82 35 50 94 96 99 70 80 87 92 81 39 66 18 61 36 41 58 36 13 19 30 5 30 36 12 71 51 52 87 22 12 14 78 78 16 83 95 47 26 84 72 34 96 14 53 27 42 70 64 32 47 66 22 99 77 76 64 11 66 37 18 5 42 43 48 21 9 26 78 33 74 44 47 41 41 6 51 89 4 17 40 7 45 66 76 7 13 25 73 86 26 79 48 42 51 5 62 65 17 37 30 60 71 56 34 32 24
71 66 73 83 67 95 19 83 33 79 75 46 66 98 64 4 70 27 36 46 9 25 0 54 19 36 22 51 2 59 72 17 72 41 88 47 3 19 84 11 39 8 8 26 20 44 64 24 15 85 99 64 19 76 10 5 75 59 54 32 72 44 92 77 85 41 21 34 84 7 71 59 84 69 62 94 56 93 8 80 8 54 9 95 39 41 16 22 68 71 40 78 42 82 31 59 4 58 35 81 83 58 83 42 28 93 21 52 26 37 67 45 17 53 18 6 5 95 78 96 47 95 27 1 23 101 6 31 92 66 41 86 99 14 12 21 82 86 60 87 78 32 57 72 55 43 42 61 95 38
1 27 40 20 84 10 101 89 13 4 71 98 50 61 93 67 32 60 56 21 77 14 54 0 85 55 21 3 73 49 45 45 98 9 24 75 78 97 49 95 67 11 49 24 92 55 100 48 82 15 93 37 67 48 82 40 82 62 75 7 85 83 49 5 83 7 49 31 8 24 52 55 65 4 10 69 39 10 22 2 50 86 99 68 39 99 43 76 45 97 98 10 90 67 3 7 19 8 43 32 99 74 23 24 53 26 42 9 46 94 32 44 85 5 57 1 17 20 12 39 26 56 28 42 78 23 35 65 59 15 99 18 39 44 5 57 2 55 24 44 49 16 86 99 31 62 82 39 40 57
25 19 14 28 21 42 7 44 78 49 31 53 16 12 9 62 62 50 29 19 21 82 19 85 0 18 101 44 50 77 40 92 99 30 36 7 71 19 61 95 30 92 100 53 60 34 19 41 21 35 41 44 19 76 50 29 38 20 31 100 13 9 48 43 5 84 4 89 88 72 44 58 32 69 65 77 73 62 25 45 53 33 90 46 80 64 17 6 94 39 89 72 54 79 35 69 25 97 100 18 59 24 58 42 66 60 60 4 77 87 78 16 21 41 31 31 41 25 25 76 30 25 29 5 10 60 74 93 26 21 87 62 39 62 62 93 19 66 24 62 39 2 22 97 26 46 46 11 98 95
80 54 76 71 23 67 5 51 54 101 1 85 11 61 29 56 91 31 60 17 45 35 36 55 18 0 47 87 95 40 70 89 57 69 100 1 8 50 85 68 15 53 98 88 48 81 77 69 80 99 44 52 63 73 33 52 100 6 53 45 79 42 100 50 66 53 6 39 14 12 17 61 78 74 9 96 36 36 31 32 45 69 72 97 70 9 10 13 9 24 1 77 64 62 75 5 2 25 86 63 82 30 7 19 100 60 3 13 12 47 91 59 62 35 61 57 66 19 5 30 13 38 67 98 40 15 93 75 70 85 101 26 90 80 74 86 64 61 47 80 28 7 77 59 52 76 39 26 29 79
4 80 101 45 60 71 61 37 55 4 63 83 89 65 39 12 56 37 87 30 21 43 22 21 101 47 0 19 79 101 44 90 99 92 40 5 78 3 26 52 44 33 19 8 100 86 101 97 56 64 25 15 90 12 3 69 5 83 99 18 24 57 48 94 100 86 39 97 56 27 51 14 60 39 46 91 96 48 84 53 31 19 33 95 99 63 63 79 47 92 79 52 2 51 32 43 53 54 24 23 96 9 91 9 52 23 17 53 38 45 29 26 86 68 76 16 98 32 100 65 16 33 57 35 72 96 43 4 40 61 61 85 44 66 47 53 31 66 47 27 88 49 2 9 17 69 30 57 50 14
70 53 99 73 44 45 35 7 101 24 97 23 26 95 55 9 12 56 87 37 57 52 51 3 44 87 19 0 65 65 59 73 93 77 94 13 37 72 90 64 73 15 2 96 82 11 3 60 48 51 51 33 69 25 11 1 22 88 16 84 60 66 52 72 94 29 27 60 35 18 27 73 56 33 91 25 70 6 74 67 18 88 96 21 49 59 87 32 85 57 87 55 18 83 12 32 100 95 21 57 8 27 50 63 77 96 33 93 76 2 78 66 82 88 34 100 72 6 77 101 20 97 80 98 37 52 53 89 21 29 12 72 49 80 17 2 97 1 36 14 101 21 83 54 59 38 26 49 50 93
17 7 29 94 54 84 89 89 34 64 57 48 8 78 12 75 32 32 75 25 34 25 2 73 50 95 79 65 0 17 28 90 77 14 62 24 30 21 40 38 55 11 15 18 67 49 42 60 92 41 11 34 27 58 20 13 87 46 90 54 22 61 92 14 81 26 1 7 34 51 51 30 87 94 1 68 56 59 38 5 33 53 5 43 34 79 6 19 67 3 49 24 101 35 81 93 86 84 99 91 82 100 58 47 52 48 56 11 63 14 3 72 48 17 3 12 68 90 29 87 90 19 39 42 59 32 13 32 56 62 17 38 42 14 53 34 33 23 79 13 48 85 15 79 87 82 98 38 53 3
39 63 91 88 67 14 7 19 13 98 71 60 72 76 27 13 9 55 97 6 43 86 59 49 77 40 101 65 17 0 94 73 86 51 68 13 75 80 62 25 6 92 48 64 52 32 57 53 66 60 17 91 42 67 48 57 31 76 84 75 63 81 35 37 63 16 67 99 22 85 9 61 57 3 101 61 61 29 53 35 100 16 57 81 4 64 14 58 32 65 25 83 26 51 66 61 79 6 19 21 15 30 73 7 93 90 56 88 79 49 29 77 47 60 92 31 8 5 27 77 79 20 30 44 28 37 73 3 58 16 40 86 14 88 47 89 56 2 98 28 9 34 26 68 6 27 64 1 2 32
8 34 21 61 100 53 64 100 54 32 30 91 86 72 20 41 57 77 14 92 14 22 72 45 40 70 44 59 28 94 0 26 69 94 69 6 33 61 42 59 4 63 45 55 85 50 67 33 99 59 29 61 94 19 81 79 32 60 35 74 100 51 35 101 44 82 100 60 93 36 73 5 21 96 90 30 70 84 11 46 81 47 50 82 75 53 50 5 90 55 100 19 74 78 61 48 71 88 62 35 79 92 45 2 88 47 56 97 4 58 61 4 81 32 101 54 64 39 14 99 57 43 85 97 1 50 16 34 73 69 5 92 77 3 65 36 26 84 3 25 3 79 74 20 59 31 9 28 96 4
15 63 66 87 47 63 10 22 45 33 53 65 26 46 38 70 77 52 45 85 9 101 17 45 92 89 90 73 90 73 26 0 32 13 19 43 18 94 62 28 74 92 77 29 52 31 26 20 15 66 66 26 87 38 80 5 52 79 14 8 79 97 65 14 53 53 4 86 99 8 8 28 9 15 12 23 38 98 59 42 63 95 67 41 40 88 41 63 80 63 87 21 101 32 10 65 39 55 44 10 45 87 19 92 1 84 93 71 25 79 100 75 68 91 30 40 35 70 6 35 75 8 57 15 83 93 90 3 65 75 92 81 71 3 26 66 68 66 31 92 6 20 75 41 34 93 33 37 24 46
8 20 1 20 65 29 45 73 40 13 81 87 30 81 47 18 37 45 11 8 70 80 72 98 99 57 99 93 77 86 69 32 0 23 32 40 84 80 50 70 92 23 50 71 83 57 15 84 73 89 2 49 31 84 46 41 48 36 85 72 70 53 69 43 22 64 77 51 6 92 57 50 87 20 12 28 38 71 12 17 76 73 83 57 83 95 4 38 75 91 76 25 93 67 95 27 43 43 1 26 31 88 65 35 100 63 92 36 17 83 15 90 28 31 62 76 60 42 13 20 85 3 32 62 78 5 74 36 61 78 45 87 63 97 49 8 26 63 74 56 3 4 25 57 17 42 62 41 37 99
2 71 63 40 34 29 34 72 81 74 70 75 46 73 26 13 94 62 89 47 31 73 41 9 30 69 92 77 14 51 94 13 23 0 87 73 77 47 47 2 87 70 41 47 4 66 80 27 21 6 88 6 66 1 28 12 37 61 101 64 27 15 67 28 14 98 30 79 71 27 47 43 17 18 96 32 46 93 65 52 45 36 23 79 3 59 20 32 38 37 40 25 48 95 91 30 79 89 19 9 32 70 2 82 50 45 54 70 52 41 8 99 85 11 56 94 89 59 41 97 23 95 40 10 79 41 82 31 8 4 43 54 6 9 91 61 5 62 56 4 84 53 53 1 39 43 97 11 85 99
97 58 58 25 74 9 65 93 48 65 65 54 64 97 34 96 61 98 71 61 89 36 88 24 36 100 40 94 62 68 69 19 32 87 0 49 21 45 88 41 56 42 8 70 18 59 49 77 6 75 3 81 34 13 68 7 79 85 1 25 30 31 28 44 81 60 39 48 51 39 36 51 58 70 7 87 85 69 4 64 99 58 15 23 16 54 1 68 39 41 81 41 68 59 86 44 80 53 53 61 42 80 89 40 84 94 40 85 19 69 70 31 3 53 48 2 51 9 3 85 9 38 5 56 56 57 90 13 67 4 74 58 79 1 22 88 15 2 81 83 31 25 18 32 59 87 36 101 92 75
25 80 67 21 65 87 90 36 70 82 27 6 7 68 50 30 9 93 14 24 98 40 47 75 7 1 5 13 24 13 6 43 40 73 49 0 7 93 15 6 88 86 3 94 53 98 16 51 94 90 91 94 10 31 85 11 101 60 25 4 6 18 85 97 77 79 16 95 99 28 20 3 66 61 42 90 94 12 95 29 33 61 73 30 35 22 25 93 68 96 85 79 22 23 71 3 26 42 66 88 21 83 36 24 26 39 59 3 82 16 68 44 77 35 44 88 31 51 91 75 30 34 23 11 21 95 51 74 90 26 43 34 55 78 55 25 79 9 66 72 11 16 1 92 96 18 49 23 75 29
85 37 59 18 97 2 73 81 95 64 11 84 64 25 72 13 87 86 27 35 39 68 3 78 71 8 78 37 30 75 33 18 84 77 21 7 0 66 2 85 73 87 4 1 10 77 38 66 64 17 42 86 43 19 37 87 98 56 29 100 77 56 73 44 79 53 89 2 9 69 8 5 42 82 1 101 85 33 11 48 5 16 2 88 17 54 93 80 58 97 44 47 48 62 11 72 3 37 64 2 40 52 78 79 34 43 68 45 1 57 72 99 26 30 55 7 11 65 22 89 24 59 3 41 69 96 75 48 26 75 69 12 31 59 3 50 49 85 24 93 62 22 19 54 9 28 14 67 40 79
21 61 46 11 22 66 79 95 35 70 64 98 45 10 89 23 63 84 13 59 5 16 19 97 19 50 3 72 21 80 61 94 80 47 45 93 66 0 101 92 22 79 58 4 72 68 12 67 66 1 84 54 3 89 61 3 9 43 62 16 9 88 75 28 36 41 48 98 79 29 61 2 1 55 62 92 58 78 19 14 97 47 40 89 93 93 13 13 3 28 101 50 86 75 27 1 60 5 68 95 72 67 39 98 22 10 96 25 43 9 81 67 50 25 100 54 70 57 22 52 82 76 27 85 92 59 31 19 49 46 74 66 92 43 14 73 5 8 59 85 88 93 56 60 23 71 65 89 88 95
81 1 13 19 58 81 36 69 73 79 84 42 77 79 57 10 62 16 77 88 40 68 84 49 61 85 26 90 40 62 42 62 50 47 88 15 2 101 0 79 68 25 27 41 46 95 82 96 95 45 13 40 57 95 36 24 100 91 45 84 54 71 35 55 53 65 67 71 50 57 31 48 101 14 1 60 100 40 25 41 50 19 94 92 96 100 54 73 75 18 8 20 36 91 59 12 33 76 34 78 94 52 92 20 64 84 91 6 37 78 7 27 72 58 1 46 101 59 15 27 95 61 86 81 6 3 18 7 43 5 60 60 5 60 21 89 9 20 78 58 30 33 31 47 19 63 81 1 84 70
37 32 11 69 66 29 44 48 28 54 27 53 39 49 83 87 93 34 2 26 18 63 11 95 95 68 52 64 38 25 59 28 70 2 41 6 85 92 79 0 71 47 31 101 45 51 30 37 24 67 80 27 36 34 95 98 85 47 42 15 99 81 100 5 72 47 22 58 67 69 88 87 70 17 38 19 85 39 49 84 47 88 52 32 31 74 13 89 27 71 44 23 90 82 8 26 9 76 3 62 36 71 76 93 71 72 45 19 22 23 94 27 79 98 97 48 64 78 93 91 38 67 9 84 82 89 71 42 43 81 89 21 17 3 61 1 11 83 70 98 50 37 19 8 94 94 30 64 53 47
100 4 91 45 9 20 32 36 76 80 93 67 88 70 56 75 72 63 35 54 22 35 39 67 30 15 44 73 55 6 4 74 92 87 56 88 73 22 68 71 0 1 7 94 2 59 3 40 56 13 86 71 100 54 2 74 52 34 50 62 83 52 57 57 50 9 24 45 1 61 86 48 67 43 18 81 94 95 85 12 68 95 52 95 73 84 49 93 93 80 28 56 86 28 93 96 29 41 82 13 77 93 24 93 91 100 49 64 20 16 76 22 19 10 25 69 28 68 75 87 101 35 78 30 87 12 42 2 28 59 99 45 22 17 96 3 64 89 92 91 93 100 67 50 36 30 67 78 76 96
57 90 23 59 66 80 49 9 50 9 91 86 93 9 63 61 77 62 18 6 84 88 8 11 92 53 33 15 11 92 63 92 23 70 42 86 87 79 25 47 1 0 69 2 60 8 34 53 52 42 73 71 35 53 67 89 70 56 34 37 84 19 96 82 72 92 3 86 82 99 77 46 46 99 65 101 50 52 23 28 55 32 47 88 58 12 20 54 13 58 25 13 44 8 20 23 3 2 49 5 82 82 5 50 44 36 31 22 9 73 58 96 72 30 84 59 20 49 90 1 50 42 93 69 42 40 98 49 36 58 20 13 95 42 70 35 20 7 4 30 10 101 15 71 70 46 48 85 65 19
38 6 36 77 8 67 6 21 34 98 2 12 65 58 12 32 75 97 95 46 48 82 8 49 100 98 19 2 15 48 45 77 50 41 8 3 4 58 27 31 7 69 0 71 73 69 50 59 63 88 23 44 21 96 33 18 91 88 26 58 100 74 71 17 54 83 75 83 89 95 85 89 12 28 81 80 83 44 59 80 15 45 10 46 16 42 14 42 59 43 44 53 20 78 22 3 53 90 79 6 28 4 14 29 95 37 101 33 44 101 7 74 79 69 13 48 78 74 54 88 49 5 60 67 40 50 90 32 22 26 77 47 56 38 72 36 56 12 36 5 98 91 61 97 21 11 18 33 26 40
66 96 52 42 25 15 98 2 71 16 70 1 78 9 70 21 91 89 56 71 48 35 26 24 53 88 8 96 18 64 55 29 71 47 70 94 1 4 41 101 94 2 71 0 83 46 61 69 73 26 18 85 21 2 32 63 27 79 99 95 21 11 41 58 58 76 37 26 35 61 67 23 99 32 52 94 60 70 95 12 55 35 64 51 96 77 36 35 68 47 52 81 49 37 71 30 50 3 89 19 88 44 57 76 32 62 65 85 45 4 83 96 1 101 63 81 22 47 39 27 74 52 11 58 16 51 71 10 1 75 95 4 56 97 34 49 56 42 13 72 100 90 69 27 39 7 48 39 23 9
40 67 41 22 63 63 35 10 33 53 86 52 76 63 78 55 58 100 32 97 62 50 20 92 60 48 100 82 67 52 85 52 83 4 18 53 10 72 46 45 2 60 73 83 0 67 81 25 39 47 57 52 97 100 83 69 27 91 36 45 16 28 21 100 84 78 14 81 48 19 19 41 85 64 76 99 51 45 75 41 41 74 44 24 14 5 59 66 49 6 57 97 1 67 10 86 92 72 94 74 41 44 19 49 33 77 45 29 69 64 57 88 6 25 94 14 7 63 1 60 54 40 48 14 86 93 70 37 49 85 33 84 73 79 90 29 19 45 56 41 58 8 47 65 94 87 31 65 58 43
64 78 74 84 63 47 24 37 58 51 67 25 44 29 2 5 20 9 12 14 64 94 44 55 34 81 86 11 49 32 50 31 57 66 59 98 77 68 95 51 59 8 69 46 67 0 63 74 88 31 41 69 88 52 58 75 25 77 86 97 63 52 78 62 60 48 48 52 88 89 45 75 36 30 59 79 79 72 18 47 59 100 7 22 92 33 30 51 29 40 6 9 88 89 1 37 64 3 74 15 79 87 40 75 20 65 22 94 21 40 28 1 52 12 28 75 56 27 91 12 59 6 77 50 71 66 29 7 78 55 28 78 11 21 58 87 10 95 1 97 40 75 68 35 99 22 78 56 53 37
56 70 32 97 1 25 78 6 80 86 72 96 79 38 67 99 97 72 12 81 90 96 64 100 19 77 101 3 42 57 67 26 15 80 49 16 38 12 82 30 3 34 50 61 81 63 0 30 23 27 38 42 91 70 45 92 17 73 9 63 8 69 83 3 96 2 22 85 23 16 41 39 26 4 100 43 68 100 21 92 14 68 32 17 53 27 95 84 93 59 25 5 81 21 9 63 96 5 6 71 56 81 43 40 54 49 66 44 30 90 17 33 14 41 4 13 70 98 86 94 76 6 38 36 31 36 68 65 45 65 82 9 77 88 12 12 101 54 27 80 76 3 1 59 62 101 32 49 23 30
16 40 15 38 33 10 35 43 11 5 17 11 96 80 78 38 19 63 50 59 95 99 24 48 41 69 97 60 60 53 33 20 84 27 77 51 66 67 96 37 40 53 59 69 25 74 30 0 16 71 89 48 25 33 79 8 29 51 11 51 47 92 32 57 13 100 52 2 65 73 13 1 38 68 31 6 14 82 43 43 54 40 20 91 64 1 3 56 66 100 81 85 83 70 75 1 89 94 72 43 29 58 39 79 27 4 87 99 82 56 94 26 86 69 38 37 1 65 70 81 50 33 41 74 27 8 41 75 75 39 50 35 91 41 30 92 95 40 86 8 28 101 77 90 82 1 36 78 37 8
81 11 23 55 76 58 69 8 39 42 38 96 94 50 36 19 83 49 15 74 84 70 15 82 21 80 56 48 92 66 99 15 73 21 6 94 64 66 95 24 56 52 63 73 39 88 23 16 0 33 49 99 86 79 62 6 44 66 86 23 61 27 39 56 56 23 19 55 28 95 21 86 60 47 13 2 80 85 69 13 30 6 73 47 97 32 7 43 28 60 3 69 19 80 29 89 23 37 27 37 14 92 24 59 100 93 42 87 97 58 6 71 51 11 62 36 83 99 4 23 83 26 41 88 44 62 5 88 59 91 40 100 5 52 88 42 9 30 39 70 34 52 39 58 1 1 88 18 91 67
20 37 5 33 73 5 15 79 18 59 88 41 48 77 96 28 29 8 47 76 37 80 85 15 35 99 64 51 41 60 59 66 89 6 75 90 17 1 45 67 13 42 88 26 47 31 27 71 33 0 61 80 32 64 2 77 22 101 56 64 76 95 20 44 98 65 28 67 65 83 99 96 79 8 67 64 84 74 71 38 91 87 8 43 29 80 45 21 43 90 8 19 34 92 28 38 55 73 78 58 44 81 76 38 13 73 69 71 68 73 36 1 100 98 47 88 96 1 28 59 86 51 19 55 29 18 75 4 67 16 48 40 74 89 71 58 10 51 19 11 47 35 92 72 66 31 19 36 65 4
2 27 33 51 95 95 63 31 64 18 72 71 22 92 78 74 76 33 77 6 46 87 99 93 41 44 25 51 11 17 29 66 2 88 3 91 42 84 13 80 86 73 23 18 57 41 38 89 49 61 0 52 53 74 100 49 15 62 100 49 8 71 1 35 9 35 90 7 91 19 94 3 72 71 39 68 99 24 6 10 53 77 49 60 80 94 36 61 66 63 73 80 50 99 94 62 42 50 78 10 20 59 15 19 29 52 32 35 71 83 61 23 76 10 18 37 10 36 66 65 17 39 56 92 90 46 77 97 26 18 4 45 1 100 78 9 73 48 70 6 70 47 94 52 54 8 24 77 82 70
30 79 47 96 89 42 68 21 6 32 46 52 60 73 90 54 65 49 50 67 10 92 64 37 44 52 15 33 34 91 61 26 49 6 81 94 86 54 40 27 71 71 44 85 52 69 42 48 99 80 52 0 55 74 12 2 91 61 45 9 1 44 84 98 69 17 71 98 58 101 45 24 16 22 18 50 71 11 92 44 60 15 58 19 69 24 7 18 32 64 18 12 23 73 58 32 2 1 47 11 1 24 13 4 101 5 81 14 70 95 61 33 86 8 15 99 47 54 101 98 19 23 84 97 21 47 44 76 81 55 86 59 47 23 6 35 23 46 90 97 23 18 86 6 44 84 13 101 95 7
38 1 90 73 98 77 55 37 30 3 40 64 57 97 91 49 7 25 93 65 8 81 19 67 19 63 90 69 27 42 94 87 31 66 34 10 43 3 57 36 100 35 21 21 97 88 91 25 86 32 53 55 0 40 60 28 30 70 4 15 37 32 15 56 14 59 90 36 82 57 54 44 2 8 22 4 72 69 14 2 1 71 29 46 85 54 61 8 23 82 70 51 93 98 40 98 28 56 66 3 86 84 69 87 95 71 48 83 3 54 92 86 58 73 71 91 39 43 3 90 50 73 57 40 67 27 83 6 79 28 17 92 38 89 66 19 32 78 98 93 10 30 93 77 48 24 59 33 69 49
84 72 33 17 84 62 24 49 28 38 20 52 86 7 89 34 33 68 67 89 29 39 76 48 76 73 12 25 58 67 19 38 84 1 13 31 19 89 95 34 54 53 96 2 100 52 70 33 79 64 74 74 40 0 55 42 38 82 26 56 25 90 26 88 7 68 77 59 20 25 13 62 23 21 86 17 71 45 34 86 59 5 34 5 3 43 88 73 71 75 21 74 73 98 15 54 13 90 37 65 71 42 74 7 75 96 11 21 70 25 84 70 94 4 32 58 12 53 46 44 62 5 97 22 83 75 47 13 67 4 17 99 98 89 69 95 25 82 55 67 20 25 43 4 86 61 52 62 22 24
94 78 61 94 69 35 4 96 28 30 41 82 67 97 99 81 26 64 60 17 72 66 10 82 50 33 3 11 20 48 81 80 46 28 68 85 37 61 36 95 2 67 33 32 83 58 45 79 62 2 100 12 60 55 0 20 13 65 1 95 71 65 42 31 38 66 99 48 57 87 49 39 11 54 12 7 11 82 37 88 96 75 55 10 53 1 49 58 85 20 56 21 6 27 44 59 69 60 18 67 49 45 43 70 29 1 7 31 64 72 44 34 48 11 16 74 19 42 98 57 25 28 34 21 28 61 43 73 23 62 67 70 20 1 63 4 98 82 92 90 101 38 96 4 85 86 35 35 92 36
69 49 30 33 9 99 17 33 39 22 54 78 6 74 66 54 32 86 67 50 100 18 5 40 29 52 69 1 13 57 79 5 41 12 7 11 87 3 24 98 74 89 18 63 69 75 92 8 6 77 49 2 28 42 20 0 23 97 71 37 24 6 35 47 62 81 29 93 4 61 48 18 74 65 66 80 68 67 16 51 92 60 26 93 7 15 68 36 29 25 51 64 90 63 56 48 31 72 85 88 24 33 66 95 12 59 61 17 22 93 69 61 66 2 99 77 29 53 76 57 82 55 4 94 40 32 10 67 57 76 32 16 68 81 85 35 28 63 73 101 1 101 61 74 78 82 65 88 100 51
14 22 92 7 98 97 41 28 86 60 89 2 50 15 87 52 27 44 44 36 73 61 75 82 38 100 5 22 87 31 32 52 48 37 79 101 98 9 100 85 52 70 91 27 27 25 17 29 44 22 15 91 30 38 13 23 0 58 94 70 86 10 50 6 13 83 56 97 84 58 69 95 82 41 26 16 23 89 54 12 46 22 67 79 7 28 75 18 50 17 24 41 87 98 92 17 2 59 81 33 69 49 55 86 6 76 36 58 35 27 67 12 99 14 35 74 30 17 70 46 35 92 49 60 68 101 6 84 69 85 92 51 29 18 73 73 45 3 73 22 55 74 35 49 71 37 24 36 91 94
11 9 88 34 3 74 98 19 98 21 87 53 93 88 92 66 47 10 18 87 84 36 59 62 20 6 83 88 46 76 60 79 36 61 85 60 56 43 91 47 34 56 88 79 91 77 73 51 66 101 62 61 70 82 65 97 58 0 14 69 4 5 8 20 57 81 49 50 40 22 48 10 96 99 92 82 32 66 74 31 28 15 19 8 85 74 76 97 29 43 16 35 52 2 6 16 90 23 26 14 53 62 35 93 17 90 84 10 58 80 10 71 6 67 84 60 16 2 92 4 37 63 101 92 56 35 66 30 2 44 5 34 81 63 72 53 83 92 58 18 52 69 56 90 87 101 91 9 71 97
13 48 57 24 61 78 14 48 87 78 53 73 60 87 96 5 10 7 68 91 85 41 54 75 31 53 99 16 90 84 35 14 85 101 1 25 29 62 45 42 50 34 26 99 36 86 9 11 86 56 100 45 4 26 1 71 94 14 0 78 71 78 58 85 26 58 39 67 38 17 8 10 70 52 40 93 3 74 62 1 11 66 96 95 85 43 14 87 14 65 16 40 64 35 63 82 69 81 35 72 50 36 3 6 31 100 72 68 65 98 37 12 50 58 78 95 80 40 14 75 86 83 93 97 11 20 56 91 32 49 8 3 37 38 58 58 34 100 47 85 19 55 4 63 97 61 4 84 81 97
55 91 68 11 88 46 44 38 52 83 55 15 94 32 61 8 49 48 25 43 56 58 32 7 100 45 18 84 54 75 74 8 72 64 25 4 100 16 84 15 62 37 58 95 45 97 63 51 23 64 49 9 15 56 95 37 70 69 78 0 97 7 70 98 82 83 50 92 97 13 32 39 2 98 1 82 65 47 49 15 57 98 83 2 15 75 42 27 72 5 1 5 19 19 40 80 96 98 31 43 96 44 77 13 53 10 15 16 28 66 92 94 86 27 3 18 85 20 43 91 21 99 74 49 2 21 1 96 71 96 48 79 70 24 83 44 5 8 85 35 70 78 28 66 22 7 29 41 22 23
40 25 12 51 18 17 26 61 5 60 13 50 63 82 78 79 81 87 95 48 12 36 72 85 13 79 24 60 22 63 100 79 70 27 30 6 77 9 54 99 83 84 100 21 16 63 8 47 61 76 8 1 37 25 71 24 86 4 71 97 0 68 17 33 39 12 79 28 22 51 9 94 99 92 57 14 27 41 95 88 46 13 15 92 42 36 2 35 92 74 2 94 49 84 6 46 86 83 3 61 39 89 80 22 11 89 58 49 32 44 48 45 54 60 28 57 65 88 75 86 31 3 29 17 86 19 31 21 74 13 85 71 59 70 85 48 62 30 39 77 50 73 28 79 39 51 57 12 67 25
37 34 90 85 61 16 67 65 49 87 68 12 71 96 3 98 37 19 90 64 28 13 44 83 9 42 57 66 61 81 51 97 53 15 31 18 56 88 71 81 52 19 74 11 28 52 69 92 27 95 71 44 32 90 65 6 10 5 78 7 68 0 82 56 67 93 78 82 57 81 52 42 21 1 48 95 90 88 34 50 78 99 97 79 97 17 46 15 60 3 65 37 88 80 6 69 18 43 4 5 34 73 24 87 14 28 94 61 89 64 99 100 66 100 79 85 17 87 18 98 5 81 59 19 17 55 77 19 53 66 1 92 45 60 4 95 54 38 46 10 26 59 72 93 28 13 88 63 18 76
58 35 35 22 62 23 55 77 22 51 77 6 46 20 83 26 80 31 45 47 33 19 92 49 48 100 48 52 92 35 35 65 69 67 28 85 73 75 35 100 57 96 71 41 21 78 83 32 39 20 1 84 15 26 42 35 50 8 58 70 17 82 0 80 50 41 48 77 16 55 2 15 59 98 64 21 54 25 43 11 51 79 68 8 62 61 56 55 6 33 50 4 101 6 17 64 9 33 48 63 41 84 79 81 99 6 52 88 84 69 13 24 88 11 72 43 68 34 68 40 1 51 39 59 42 59 33 47 25 30 64 93 30 49 58 43 35 52 41 60 49 50 78 82 2 21 42 79 89 93
56 82 75 79 92 60 99 57 75 55 49 14 35 21 44 100 54 77 94 98 69 30 77 5 43 50 94 72 14 37 101 14 43 28 44 97 44 28 55 5 57 82 17 58 100 62 3 57 56 44 35 98 56 88 31 47 6 20 85 98 33 56 80 0 11 8 74 94 85 47 95 44 59 14 47 49 76 20 76 75 70 96 23 82 24 60 79 50 101 52 5 90 5 36 91 57 91 31 60 33 42 5 50 29 9 59 88 60 64 83 36 14 27 76 37 66 10 93 90 66 3 14 77 63 60 29 67 48 76 52 22 46 60 49 79 50 61 89 95 9 27 59 86 84 88 16 56 29 88 78
74 93 60 89 47 68 65 87 51 96 62 68 44 66 48 101 68 99 81 100 30 5 85 83 5 66 100 94 81 63 44 53 22 14 81 77 79 36 53 72 50 72 54 58 84 60 96 13 56 98 9 69 14 7 38 62 13 57 26 82 39 67 50 11 0 46 32 85 92 47 74 26 56 67 95 30 72 57 17 61 75 10 16 61 55 97 85 69 71 81 31 22 65 83 89 34 62 76 67 78 84 87 72 43 8 73 61 100 101 41 28 72 67 51 24 101 8 95 72 87 59 68 101 75 75 81 72 60 23 50 31 48 74 99 42 24 38 64 2 37 81 49 87 7 26 98 77 30 11 76
80 42 57 93 50 76 40 63 76 48 2 13 97 82 36 88 37 35 29 37 25 30 41 7 84 53 86 29 26 16 82 53 64 98 60 79 53 41 65 47 9 92 83 76 78 48 2 100 23 65 35 17 59 68 66 81 83 81 58 83 12 93 41 8 46 0 80 46 16 55 18 76 94 68 50 61 91 16 37 101 3 46 40 73 57 20 83 74 4 51 62 98 61 4 21 11 78 29 6 15 58 25 3 69 79 96 95 65 27 40 43 16 90 17 31 3 12 25 85 23 70 100 26 27 31 25 59 54 58 11 78 87 101 54 9 46 43 44 83 13 44 66 87 43 36 88 95 21 66 41
11 11 37 52 18 58 40 48 74 95 8 17 95 55 59 95 27 6 20 58 48 36 21 49 4 6 39 27 1 67 100 4 77 30 39 16 89 48 67 22 24 3 75 37 14 48 22 52 19 28 90 71 90 77 99 29 56 49 39 50 79 78 48 74 32 80 0 47 33 13 74 72 36 55 8 19 20 39 25 97 3 7 62 48 28 16 80 50 61 30 33 83 21 87 84 28 18 101 76 64 41 44 76 82 96 2 43 74 58 1 98 82 54 37 33 17 56 58 91 62 64 90 83 84 92 63 56 11 97 68 92 75 66 70 84 68 17 59 22 18 89 48 74 48 3 85 61 39 62 25
81 15 45 10 31 21 75 7 101 15 45 19 71 20 73 14 79 23 71 40 10 12 34 31 89 39 97 60 7 99 60 86 51 79 48 95 2 98 71 58 45 86 83 26 81 52 85 2 55 67 7 98 36 59 48 93 97 50 67 92 28 82 77 94 85 46 47 0 22 48 28 44 40 71 10 81 93 11 75 17 73 69 44 47 96 8 79 12 46 63 3 1 24 66 11 9 67 84 15 72 61 63 8 82 48 95 24 69 41 3 64 28 4 35 4 89 61 70 7 23 58 51 54 46 9 53 4 88 51 65 17 68 81 79 73 85 8 12 80 83 90 15 14 74 36 8 44 78 86 11
53 35 91 71 20 71 61 9 87 79 66 18 48 68 76 43 31 1 22 3 69 71 84 8 88 14 56 35 34 22 93 99 6 71 51 99 9 79 50 67 1 82 89 35 48 88 23 65 28 65 91 58 82 20 57 4 84 40 38 97 22 57 16 85 92 16 33 22 0 11 65 2 38 24 77 12 86 1 73 6 59 24 77 66 97 52 81 8 101 18 13 17 35 50 82 90 46 57 16 1 55 25 92 96 16 43 54 22 100 71 78 43 22 83 16 93 33 31 35 66 32 101 86 2 47 23 10 3 1 88 27 78 60 42 33 25 101 31 50 42 89 12 46 6 44 36 41 66 60 82
86 45 98 62 4 24 79 74 76 33 47 46 47 56 81 77 72 30 46 98 95 51 7 24 72 12 27 18 51 85 36 8 92 27 39 28 69 29 57 69 61 99 95 61 19 89 16 73 95 83 19 101 57 25 87 61 58 22 17 13 51 81 55 47 47 55 13 48 11 0 58 48 25 47 46 14 90 3 69 35 16 35 100 86 98 28 41 27 62 77 98 50 61 16 83 17 5 33 62 47 27 52 35 9 33 52 58 21 100 45 42 73 72 23 84 42 45 83 43 2 6 58 19 42 74 19 68 68 50 57 90 10 25 85 18 99 82 51 33 48 38 31 18 5 26 18 76 35 31 40
66 14 97 6 61 14 73 83 80 76 55 65 38 2 4 41 40 94 59 24 24 52 71 52 44 17 51 27 51 9 73 8 57 47 36 20 8 61 31 88 86 77 85 67 19 45 41 13 21 99 94 45 54 13 49 48 69 48 8 32 9 52 2 95 74 18 74 28 65 58 0 58 64 94 34 81 96 70 27 63 74 90 3 68 30 37 19 59 71 31 34 82 96 69 5 47 58 71 36 52 74 84 49 17 74 21 57 82 17 91 37 22 50 20 10 86 50 26 56 24 23 61 99 22 82 15 46 50 24 31 100 79 56 11 45 49 28 62 49 57 39 8 63 51 98 57 33 56 76 16
15 93 73 19 55 9 47 14 13 99 101 18 51 43 25 12 71 44 1 92 33 87 59 55 58 61 14 73 30 61 5 28 50 43 51 3 5 2 48 87 48 46 89 23 41 75 39 1 86 96 3 24 44 62 39 18 95 10 10 39 94 42 15 44 26 76 72 44 2 48 58 0 7 65 23 2 45 45 42 76 1 86 95 2 27 101 54 87 16 17 67 21 2 67 53 10 74 96 65 73 78 61 87 16 57 70 17 21 37 43 35 43 94 49 66 54 48 47 90 13 19 65 31 60 82 25 51 39 4 47 30 60 48 88 81 89 80 101 48 84 49 9 73 41 98 28 33 80 47 20
39 60 68 57 19 75 83 60 10 101 69 73 56 33 19 77 61 47 101 70 12 22 84 65 32 78 60 56 87 57 21 9 87 17 58 66 42 1 101 70 67 46 12 99 85 36 26 38 60 79 72 16 2 23 11 74 82 96 70 2 99 21 59 59 56 94 36 40 38 25 64 7 0 82 24 32 101 90 12 24 49 75 56 100 24 1 86 48 54 92 93 36 7 40 14 32 56 44 59 34 28 83 92 1 30 66 73 78 52 63 18 74 88 10 38 73 34 10 78 94 36 57 67 88 80 92 33 56 33 22 17 58 52 78 82 98 48 20 81 96 60 75 60 42 65 64 21 21 33 70
9 41 67 91 73 100 46 13 28 35 23 25 42 37 52 86 58 34 40 83 85 12 69 4 69 74 39 33 94 3 96 15 20 18 70 61 82 55 14 17 43 99 28 32 64 30 4 68 47 8 71 22 8 21 54 65 41 99 52 98 92 1 98 14 67 68 55 71 24 47 94 65 82 0 73 4 65 48 62 93 3 69 11 16 91 101 67 1 47 50 30 89 89 50 16 4 87 41 8 34 31 76 84 17 81 24 13 63 69 16 10 37 71 14 29 54 7 28 70 82 93 48 48 94 19 22 82 26 52 58 41 33 11 64 9 98 87 66 32 67 13 92 9 75 33 66 62 43 27 64
78 4 66 66 6 92 79 82 68 46 51 53 55 80 14 90 13 38 76 8 75 14 62 10 65 9 46 91 1 101 90 12 12 96 7 42 1 62 1 38 18 65 81 52 76 59 100 31 13 67 39 18 22 86 12 66 26 92 40 1 57 48 64 47 95 50 8 10 77 46 34 23 24 73 0 72 31 66 10 16 3 35 2 76 35 93 15 7 2 89 22 72 69 98 44 34 25 12 87 72 34 6 3 89 36 77 71 87 6 14 65 38 95 16 82 26 94 34 20 3 24 10 52 24 33 50 12 100 35 9 79 55 60 24 58 2 37 21 66 16 43 76 88 29 40 72 43 30 76 54
87 19 63 28 98 65 77 98 100 53 4 3 16 75 89 73 42 52 79 67 48 78 94 69 77 96 91 25 68 61 30 23 28 32 87 90 101 92 60 19 81 101 80 94 99 79 43 6 2 64 68 50 4 17 7 80 16 82 93 82 14 95 21 49 30 61 19 81 12 14 81 2 32 4 72 0 59 3 50 87 41 59 29 27 24 44 44 27 24 31 88 13 39 23 16 15 25 9 97 30 3 62 69 60 16 51 18 28 88 88 60 53 44 24 23 7 28 65 28 26 90 7 24 51 91 81 23 38 12 76 19 45 70 89 74 78 52 63 14 59 81 18 73 82 29 87 61 44 19 76
21 93 34 22 5 16 16 100 90 29 44 72 9 39 101 28 48 27 48 83 13 78 56 39 73 36 96 70 56 61 70 38 38 46 85 94 85 58 100 85 94 50 83 60 51 79 68 14 80 84 99 71 72 71 11 68 23 32 3 65 27 90 54 76 72 91 20 93 86 90 96 45 101 65 31 59 0 23 63 73 22 88 32 74 92 97 94 5 22 86 25 53 85 71 27 61 36 81 28 54 13 1 41 7 51 38 100 35 32 57 21 15 68 79 2 83 6 47 82 80 33 26 99 73 19 30 24 91 81 40 11 15 76 26 62 59 39 69 20 57 32 52 87 51 89 95 94 49 3 4
86 78 43 6 2 69 85 27 81 48 99 32 37 71 41 67 4 77 87 56 94 16 93 10 62 36 48 6 59 29 84 98 71 93 69 12 33 78 40 39 95 52 44 70 45 72 100 82 85 74 24 11 69 45 82 67 89 66 74 47 41 88 25 20 57 16 39 11 1 3 70 45 90 48 66 3 23 0 21 33 57 12 2 90 1 52 25 80 26 33 98 29 101 56 72 21 14 25 24 75 29 57 28 48 101 89 58 13 42 66 30 2 61 83 24 26 5 82 21 37 92 19 36 73 92 38 101 94 87 92 62 61 92 76 101 67 100 64 33 37 50 34 3 35 67 51 54 19 67 66
77 74 21 91 88 87 86 27 48 42 86 14 13 70 40 69 86 91 6 39 46 83 8 22 25 31 84 74 38 53 11 59 12 65 4 95 11 19 25 49 85 23 59 95 75 18 21 43 69 71 6 92 14 34 37 16 54 74 62 49 95 34 43 76 17 37 25 75 73 69 27 42 12 62 10 50 63 21 0 95 52 16 71 41 32 67 62 53 99 88 24 44 78 1 96 56 47 14 25 34 89 81 31 99 101 89 87 48 49 36 57 50 100 55 34 87 80 48 17 39 23 95 28 6 53 58 29 93 9 79 36 72 27 35 29 63 32 17 59 74 68 9 58 45 67 17 92 82 81 56
5 73 11 92 35 40 27 46 20 98 92 96 76 90 97 31 9 79 13 73 41 95 80 2 45 32 53 67 5 35 46 42 17 52 64 29 48 14 41 84 12 28 80 12 41 47 92 43 13 38 10 44 2 86 88 51 12 31 1 15 88 50 11 75 61 101 97 17 6 35 63 76 24 93 16 87 73 33 95 0 5 68 86 95 53 96 75 50 59 22 98 89 30 59 55 93 49 87 80 62 13 92 43 20 91 15 91 31 35 62 74 50 49 25 40 97 36 33 79 57 62 5 84 17 90 46 49 49 99 46 42 92 40 8 80 69 19 20 85 24 11 26 61 21 55 57 20 4 43 53
4 12 99 65 16 1 49 44 73 94 11 9 95 95 19 10 29 40 42 23 24 47 8 50 53 45 31 18 33 100 81 63 76 45 99 33 5 97 50 47 68 55 15 55 41 59 14 54 30 91 53 60 1 59 96 92 46 28 11 57 46 78 51 70 75 3 3 73 59 16 74 1 49 3 3 41 22 57 52 5 0 12 79 10 65 46 14 5 40 33 65 3 83 52 29 37 98 41 11 30 15 74 70 31 1 47 84 38 68 97 83 47 87 86 46 100 89 9 40 80 53 39 47 4 43 85 68 14 26 53 43 82 3 12 85 56 76 24 30 41 17 35 97 54 64 44 26 72 65 97
78 14 98 4 88 51 93 2 3 58 72 41 40 50 18 50 11 56 5 101 93 26 54 86 33 69 19 88 53 16 47 95 73 36 58 61 16 47 19 88 95 32 45 35 74 100 68 40 6 87 77 15 71 5 75 60 22 15 66 98 13 99 79 96 10 46 7 69 24 35 90 86 75 69 35 59 88 12 16 68 12 0 18 64 70 91 59 88 10 94 64 35 82 20 84 41 99 3 36 46 79 90 86 6 93 84 74 101 24 33 67 12 77 55 86 63 60 72 40 79 12 47 78 98 86 53 44 58 66 37 10 28 21 6 65 65 101 82 29 39 7 32 77 82 8 40 51 50 65 29
45 89 100 31 66 51 78 32 25 53 69 75 23 15 53 10 28 29 12 38 32 84 9 99 90 72 33 96 5 57 50 67 83 23 15 73 2 40 94 52 52 47 10 64 44 7 32 20 73 8 49 58 29 34 55 26 67 19 96 83 15 97 68 23 16 40 62 44 77 100 3 95 56 11 2 29 32 2 71 86 79 18 0 101 2 94 50 20 18 80 8 56 83 94 61 64 50 76 9 14 45 1 92 66 3 1 88 72 12 98 29 75 46 2 93 60 20 13 70 71 27 75 39 56 21 71 63 7 41 2 69 78 38 66 69 1 67 53 44 73 74 91 87 93 90 19 32 95 77 67
45 37 6 75 47 23 5 50 3 66 61 51 42 67 74 14 43 9 35 36 60 72 95 68 46 97 95 21 43 81 82 41 57 79 23 30 88 89 92 32 95 88 46 51 24 22 17 91 47 43 60 19 46 5 10 93 79 8 95 2 92 79 8 82 61 73 48 47 66 86 68 2 100 16 76 27 74 90 41 95 10 64 101 0 45 42 60 58 80 32 60 97 50 1 69 50 101 46 91 74 95 98 45 47 85 45 6 43 16 83 56 97 35 74 3 14 90 86 76 66 33 55 40 27 87 26 9 50 61 25 23 11 29 23 18 95 94 2 95 49 62 3 36 45 72 71 28 50 82 5
32 91 48 7 92 48 67 14 55 11 87 36 46 62 94 95 1 6 33 57 13 34 39 39 80 70 99 49 34 4 75 40 83 3 16 35 17 93 96 31 73 58 16 96 14 92 53 64 97 29 80 69 85 3 53 7 7 85 85 15 42 97 62 24 55 57 28 96 97 98 30 27 24 91 35 24 92 1 32 53 65 70 2 45 0 38 53 43 52 42 7 101 74 77 45 13 62 66 94 65 63 14 85 31 46 85 90 96 39 47 69 35 54 54 74 4 99 49 72 27 22 72 4 70 18 67 98 63 47 51 5 88 24 59 87 82 16 69 13 31 83 66 2 22 40 19 44 5 17 26
52 58 8 16 12 83 22 58 68 8 67 6 58 35 34 32 72 75 15 30 39 96 41 99 64 9 63 59 79 64 53 88 95 59 54 22 54 93 100 74 84 12 42 77 5 33 27 1 32 80 94 24 54 43 1 15 28 74 43 75 36 17 61 60 97 20 16 8 52 28 37 101 1 101 93 44 97 52 67 96 46 91 94 42 38 0 91 76 41 72 37 95 48 88 70 74 72 96 62 32 41 21 44 77 7 70 8 33 47 43 21 34 73 20 77 5 27 89 18 28 24 25 32 76 41 66 1 43 13 81 55 86 93 49 34 32 87 64 15 49 98 22 34 44 11 100 76 56 15 77
6 34 10 58 57 66 101 7 100 70 8 35 52 48 3 19 101 73 6 42 39 14 16 43 17 10 63 87 6 14 50 41 4 20 1 25 93 13 54 13 49 20 14 36 59 30 95 3 7 45 36 7 61 88 49 68 75 76 14 42 2 46 56 79 85 83 80 79 81 41 19 54 86 67 15 44 94 25 62 75 14 59 50 60 53 91 0 76 67 74 25 1 13 4 62 68 86 59 30 3 48 80 50 43 63 59 70 100 79 7 87 87 19 37 84 39 56 14 48 97 17 84 97 28 12 82 49 53 87 29 74 3 7 54 8 16 93 93 22 67 67 16 17 66 56 14 66 46 58 80
66 93 66 16 48 13 22 74 93 35 49 32 34 72 54 54 66 54 66 67 45 53 22 76 6 13 79 32 19 58 5 63 38 32 68 93 80 13 73 89 93 54 42 35 66 51 84 56 43 21 61 18 8 73 58 36 18 97 87 27 35 15 55 50 69 74 50 12 8 27 59 87 48 1 7 27 5 80 53 50 5 88 20 58 43 76 76 0 17 51 31 71 84 20 39 70 83 22 48 96 13 32 97 16 68 38 27 1 68 15 23 100 77 43 72 36 77 67 34 14 28 97 9 10 9 39 61 70 7 76 15 75 46 14 29 40 4 48 11 21 4 60 27 72 15 11 56 82 46 31
6 89 8 44 6 30 44 13 32 57 93 74 50 84 97 30 10 31 32 67 4 27 68 45 94 9 47 85 67 32 90 80 75 38 39 68 58 3 75 27 93 13 59 68 49 29 93 66 28 43 66 32 23 71 85 29 50 29 14 72 92 60 6 101 71 4 61 46 101 62 71 16 54 47 2 24 22 26 99 59 40 10 18 80 52 41 67 17 0 65 34 94 60 18 88 52 54 59 37 78 11 26 32 40 9 11 81 21 11 61 74 21 2 31 94 45 60 71 75 86 5 39 25 71 97 5 46 23 44 21 8 39 86 95 59 4 58 97 14 10 90 35 11 38 14 54 65 67 22 10
90 49 59 74 47 26 28 61 86 2 81 66 63 90 94 26 3 4 78 47 86 42 71 97 39 24 92 57 3 65 55 63 91 37 41 96 97 28 18 71 80 58 43 47 6 40 59 100 60 90 63 64 82 75 20 25 17 43 65 5 74 3 33 52 81 51 30 63 18 77 31 17 92 50 89 31 86 33 88 22 33 94 80 32 42 72 74 51 65 0 64 89 45 75 77 8 63 57 61 90 40 41 21 18 27 94 17 83 54 64 59 81 40 65 65 41 16 67 96 93 34 23 12 75 1 13 39 17 32 78 78 83 3 7 79 49 68 70 81 62 6 61 50 20 95 35 7 71 9 30
86 17 55 35 85 10 94 36 44 71 44 64 57 37 78 87 44 78 15 6 88 70 40 98 89 1 79 87 49 25 100 87 76 40 81 85 44 101 8 44 28 25 44 52 57 6 25 81 3 8 73 18 70 21 56 51 24 16 16 1 2 65 50 5 31 62 33 3 13 98 34 67 93 30 22 88 25 98 24 98 65 64 8 60 7 37 25 31 34 64 0 74 25 3 2 97 79 12 14 80 16 29 97 30 101 85 5 91 53 72 10 14 49 100 81 98 8 100 51 58 84 17 52 43 48 69 53 20 55 10 67 22 74 100 12 22 36 71 86 94 66 35 21 98 20 63 68 85 28 6
98 1 23 58 34 67 79 93 7 57 50 46 89 44 99 80 7 54 85 94 19 64 78 10 72 77 52 55 24 83 19 21 25 25 41 79 47 50 20 23 56 13 53 81 97 9 5 85 69 19 80 12 51 74 21 64 41 35 40 5 94 37 4 90 22 98 83 1 17 50 82 21 36 89 72 13 53 29 44 89 3 35 56 97 101 95 1 71 94 89 74 0 93 7 55 75 19 50 3 3 76 14 4 71 20 41 56 33 3 58 66 41 101 68 36 62 72 96 69 67 47 69 50 90 73 35 50 19 41 23 18 89 60 39 33 9 40 49 25 57 57 30 96 58 53 38 61 64 101 92
45 7 62 57 24 13 47 99 49 55 82 5 36 90 25 14 23 98 20 16 92 32 42 90 54 64 2 18 101 26 74 101 93 48 68 22 48 86 36 90 86 44 20 49 1 88 81 83 19 34 50 23 93 73 6 90 87 52 64 19 49 88 101 5 65 61 21 24 35 61 96 2 7 89 69 39 85 101 78 30 83 82 83 50 74 48 13 84 60 45 25 93 0 61 16 50 72 66 9 20 5 45 21 33 12 12 88 58 56 56 35 35 86 67 18 58 75 33 37 65 95 36 34 86 27 39 52 44 86 14 59 90 35 78 81 72 77 68 45 99 87 57 54 39 14 72 96 88 54 68
64 64 20 38 82 79 69 96 14 3 65 52 18 92 81 39 77 51 42 44 20 47 82 67 79 62 51 83 35 51 78 32 67 95 59 23 62 75 91 82 28 8 78 37 67 89 21 70 80 92 99 73 98 98 27 63 98 2 35 19 84 80 6 36 83 4 87 66 50 16 69 67 40 50 98 23 71 56 1 59 52 20 94 1 77 88 4 20 18 75 3 7 61 0 93 69 32 70 51 60 52 57 75 42 61 3 87 29 58 31 100 31 64 30 64 64 29 27 3 68 3 53 17 101 46 4 1 87 13 56 100 87 82 91 58 38 85 64 76 36 24 8 17 72 98 95 15 96 61 6
15 74 68 4 94 52 4 62 14 64 7 75 21 13 29 15 55 10 89 7 76 66 31 3 35 75 32 12 81 66 61 10 95 91 86 71 11 27 59 8 93 20 22 71 10 1 9 75 29 28 94 58 40 15 44 56 92 6 63 40 6 6 17 91 89 21 84 11 82 83 5 53 14 16 44 16 27 72 96 55 29 84 61 69 45 70 62 39 88 77 2 55 16 93 0 46 72 15 65 29 43 12 18 48 15 29 22 11 84 87 25 64 70 93 8 35 75 48 60 84 68 24 58 23 45 99 20 20 56 4 29 90 37 49 56 77 45 3 18 63 54 99 11 57 97 36 84 97 18 43
79 91 14 50 12 28 3 7 4 61 7 97 25 6 77 18 55 33 97 4 86 22 59 7 69 5 43 32 93 61 48 65 27 30 44 3 72 1 12 26 96 23 3 30 86 37 63 1 89 38 62 32 98 54 59 48 17 16 82 80 46 69 64 57 34 11 28 9 90 17 47 10 32 4 34 15 61 21 56 93 37 41 64 50 13 74 68 70 52 8 97 75 50 69 46 0 90 21 57 89 93 69 50 29 50 56 77 20 11 62 33 64 87 91 88 55 86 77 44 23 82 8 44 16 5 8 31 40 98 36 70 67 55 65 76 69 33 1 61 14 89 100 29 56 36 52 76 41 33 78
68 71 96 58 32 88 36 3 41 24 77 58 50 71 35 9 22 67 26 101 49 99 4 19 25 2 53 100 86 79 71 39 43 79 80 26 3 60 33 9 29 3 53 50 92 64 96 89 23 55 42 2 28 13 69 31 2 90 69 96 86 18 9 91 62 78 18 67 46 5 58 74 56 87 25 25 36 14 47 49 98 99 50 101 62 72 86 83 54 63 79 19 72 32 72 90 0 7 37 75 80 68 83 47 46 44 44 25 42 62 84 76 62 51 48 18 85 81 47 7 54 34 90 13 66 41 14 15 37 94 55 73 72 35 43 82 64 65 95 9 44 71 70 56 83 54 65 63 50 85
32 55 83 33 77 39 76 3 96 98 76 19 67 46 47 92 60 47 33 47 50 77 58 8 97 25 54 95 84 6 88 55 43 89 53 42 37 5 76 76 41 2 90 3 72 3 5 94 37 73 50 1 56 90 60 72 59 23 81 98 83 43 33 31 76 29 101 84 57 33 71 96 44 41 12 9 81 25 14 87 41 3 76 46 66 96 59 22 59 57 12 50 66 70 15 21 7 0 89 37 50 41 55 9 63 90 14 67 71 15 79 100 76 90 74 63 24 56 65 56 83 59 53 76 83 12 71 53 8 75 51 20 38 67 73 94 51 32 89 62 67 65 20 30 77 73 75 31 71 84
31 1 8 53 41 27 73 28 62 89 100 88 28 47 88 64 67 17 67 90 55 76 35 43 100 86 24 21 99 19 62 44 1 19 53 66 64 68 34 3 82 49 79 89 94 74 6 72 27 78 78 47 66 37 18 85 81 26 35 31 3 4 48 60 67 6 76 15 16 62 36 65 59 8 87 97 28 24 25 80 11 36 9 91 94 62 30 48 37 61 14 3 9 51 65 57 37 89 0 34 18 38 51 83 68 63 24 5 51 50 74 35 6 69 81 69 37 82 11 57 100 90 78 34 12 84 2 16 15 23 59 69 7 58 55 22 17 11 19 64 84 20 47 1 38 70 92 55 101 1
39 93 50 25 42 63 91 34 75 5 3 74 54 50 85 3 32 40 50 70 77 64 81 32 18 63 23 57 91 21 35 10 26 9 61 88 2 95 78 62 13 5 6 19 74 15 71 43 37 58 10 11 3 65 67 88 33 14 72 43 61 5 63 33 78 15 64 72 1 47 52 73 34 34 72 30 54 75 34 62 30 46 14 74 65 32 3 96 78 90 80 3 20 60 29 89 75 37 34 0 34 48 31 10 90 53 74 58 89 18 8 63 16 66 22 84 60 15 60 98 82 73 57 45 31 27 95 13 40 91 60 31 97 56 8 81 54 61 78 30 37 100 80 91 29 68 62 72 27 31
78 46 45 15 48 1 82 38 30 86 92 87 55 84 13 70 9 4 95 23 29 11 83 99 59 82 96 8 82 15 79 45 31 32 42 21 40 72 94 36 77 82 28 88 41 79 56 29 14 44 20 1 86 71 49 24 69 53 50 96 39 34 41 42 84 58 41 61 55 27 74 78 28 31 34 3 13 29 89 13 15 79 45 95 63 41 48 13 11 40 16 76 5 52 43 93 80 50 18 34 0 63 83 95 59 44 63 83 78 99 29 89 26 41 38 65 59 6 91 99 85 32 99 41 35 68 42 22 18 61 69 63 30 23 90 84 85 23 30 85 46 16 25 74 18 16 75 34 93 9
54 38 73 21 28 94 18 5 60 100 65 49 65 43 96 71 87 30 77 15 49 66 58 74 24 30 9 27 100 30 92 87 88 70 80 83 52 67 52 71 93 82 4 44 44 87 81 58 92 81 59 24 84 42 45 33 49 62 36 44 89 73 84 5 87 25 44 63 25 52 84 61 83 76 6 62 1 57 81 92 74 90 1 98 14 21 80 32 26 41 29 14 45 57 12 69 68 41 38 48 63 0 76 83 23 93 50 24 60 84 99 27 71 41 80 66 95 26 93 40 29 87 65 2 75 98 63 85 75 10 68 88 9 89 3 94 55 10 42 42 101 94 40 97 53 7 36 29 67 27
82 60 70 9 11 85 39 63 94 17 8 43 25 8 24 60 70 12 59 3 9 37 83 23 58 7 91 50 58 73 45 19 65 2 89 36 78 39 92 76 24 5 14 57 19 40 43 39 24 76 15 13 69 74 43 66 55 35 3 77 80 24 79 50 72 3 76 8 92 35 49 87 92 84 3 69 41 28 31 43 70 86 92 45 85 44 50 97 32 21 97 4 21 75 18 50 83 55 51 31 83 76 0 91 22 101 62 70 85 38 34 6 1 82 96 40 92 14 79 12 43 94 80 79 14 25 73 73 2 84 3 6 51 56 39 51 88 93 77 80 81 63 45 47 24 32 54 24 76 53
91 81 100 89 15 2 3 35 39 66 63 13 39 2 67 88 26 58 3 35 97 18 42 24 42 19 9 63 47 7 2 92 35 82 40 24 79 98 20 93 93 50 29 76 49 75 40 79 59 38 19 4 87 7 70 95 86 93 6 13 22 87 81 29 43 69 82 82 96 9 17 16 1 17 89 60 7 48 99 20 31 6 66 47 31 77 43 16 40 18 30 71 33 42 48 29 47 9 83 10 95 83 91 0 18 15 28 8 56 24 20 101 76 75 96 100 59 5 21 71 88 36 13 4 100 29 99 56 83 23 11 37 2 78 44 37 14 101 22 98 34 2 60 99 17 56 41 46 1 38
18 42 38 31 23 16 99 56 88 17 40 100 83 70 49 88 61 8 92 63 75 5 28 53 66 100 52 77 52 93 88 1 100 50 84 26 34 22 64 71 91 44 95 32 33 20 54 27 100 13 29 101 95 75 29 12 6 17 31 53 11 14 99 9 8 79 96 48 16 33 74 57 30 81 36 16 51 101 101 91 1 93 3 85 46 7 63 68 9 27 101 20 12 61 15 50 46 63 68 90 59 23 22 18 0 96 44 96 55 99 28 31 92 2 20 66 57 76 69 66 101 77 68 74 99 5 33 48 29 69 16 23 3 89 7 75 15 14 39 59 89 14 72 42 59 80 67 85 50 69
7 89 79 92 94 16 76 3 85 86 57 27 95 30 8 89 98 58 27 33 71 42 93 26 60 60 23 96 48 90 47 84 63 45 94 39 43 10 84 72 100 36 37 62 77 65 49 4 93 73 52 5 71 96 1 59 76 90 100 10 89 28 6 59 73 96 2 95 43 52 21 70 66 24 77 51 38 89 89 15 47 84 1 45 85 70 59 38 11 94 85 41 12 3 29 56 44 90 63 53 44 93 101 15 96 0 81 75 41 65 62 21 22 55 94 24 86 84 47 9 65 58 100 3 47 73 44 94 30 62 32 22 38 39 67 93 60 91 8 60 5 17 22 59 82 56 55 53 24 62
41 25 84 51 10 22 67 13 95 97 32 50 60 61 47 16 91 23 62 24 37 43 21 42 60 3 17 33 56 56 56 93 92 54 40 59 68 96 91 45 49 31 101 65 45 22 66 87 42 69 32 81 48 11 7 61 36 84 72 15 58 94 52 88 61 95 43 24 54 58 57 17 73 13 71 18 100 58 87 91 84 74 88 6 90 8 70 27 81 17 5 56 88 87 22 77 44 14 24 74 63 50 62 28 44 81 0 26 63 40 40 96 80 54 13 80 43 55 18 39 25 45 5 31 79 17 24 9 70 59 6 89 89 80 25 38 51 33 81 19 99 12 71 47 72 14 44 5 9 4
26 52 57 42 12 79 1 2 35 86 20 94 7 75 44 67 63 63 34 91 89 48 52 9 4 13 53 93 11 88 97 71 36 70 85 3 45 25 6 19 64 22 33 85 29 94 44 99 87 71 35 14 83 21 31 17 58 10 68 16 49 61 88 60 100 65 74 69 22 21 82 21 78 63 87 28 35 13 48 31 38 101 72 43 96 33 100 1 21 83 91 33 58 29 11 20 25 67 5 58 83 24 70 8 96 75 26 0 63 78 24 56 33 79 39 59 80 7 41 47 36 66 6 49 86 42 53 82 53 100 27 74 40 9 19 20 82 66 51 95 28 14 98 47 91 93 63 83 12 93
26 62 88 95 90 91 61 68 17 39 58 23 59 92 12 58 65 58 78 70 31 21 26 46 77 12 38 76 63 79 4 25 17 52 19 82 1 43 37 22 20 9 44 45 69 21 30 82 97 68 71 70 3 70 64 22 35 58 65 28 32 89 84 64 101 27 58 41 100 100 17 37 52 69 6 88 32 42 49 35 68 24 12 16 39 47 79 68 11 54 53 3 56 58 84 11 42 71 51 89 78 60 85 56 55 41 63 63 0 38 13 15 50 49 33 49 76 75 18 93 41 59 99 89 101 39 82 15 95 33 34 75 67 49 62 56 44 99 46 37 99 65 66 4 17 9 26 39 17 86
5 79 68 70 62 97 101 5 90 62 84 66 91 89 91 72 23 23 33 3 45 9 37 94 87 47 45 2 14 49 58 79 83 41 69 16 57 9 78 23 16 73 101 4 64 40 90 56 58 73 83 95 54 25 72 93 27 80 98 66 44 64 69 83 41 40 1 3 71 45 91 43 63 16 14 88 57 66 36 62 97 33 98 83 47 43 7 15 61 64 72 58 56 31 87 62 62 15 50 18 99 84 38 24 99 65 40 78 38 0 29 27 62 99 10 34 2 69 89 61 25 100 20 71 84 54 22 73 27 19 89 47 3 68 71 29 28 84 66 90 15 52 82 12 84 75 96 43 62 82
6 58 53 82 52 87 86 83 64 58 2 2 33 16 50 84 36 46 18 63 12 26 67 32 78 91 29 78 3 29 61 100 15 8 70 68 72 81 7 94 76 58 7 83 57 28 17 94 6 36 61 61 92 84 44 69 67 10 37 92 48 99 13 36 28 43 98 64 78 42 37 35 18 10 65 60 21 30 57 74 83 67 29 56 69 21 87 23 74 59 10 66 35 100 25 33 84 79 74 8 29 99 34 20 28 62 40 24 13 29 0 70 94 76 82 60 101 32 73 97 62 19 84 40 38 67 69 30 86 42 79 90 14 21 68 28 9 70 46 18 16 71 74 83 89 95 9 46 4 43
10 48 63 85 21 81 62 50 66 66 36 93 12 44 94 55 83 4 2 42 49 78 45 44 16 59 26 66 72 77 4 75 90 99 31 44 99 67 27 27 22 96 74 96 88 1 33 26 71 1 23 33 86 70 34 61 12 71 12 94 45 100 24 14 72 16 82 28 43 73 22 43 74 37 38 53 15 2 50 50 47 12 75 97 35 34 87 100 21 81 14 41 35 31 64 64 76 100 35 63 89 27 6 101 31 21 96 56 15 27 70 0 13 60 12 50 15 70 82 22 84 17 85 37 4 7 62 86 21 91 41 24 88 55 64 9 100 19 42 30 37 65 78 80 39 91 61 18 88 3
69 43 5 25 67 72 98 25 84 95 67 79 91 35 52 62 2 92 48 71 81 33 17 85 21 62 86 82 48 47 81 68 28 85 3 77 26 50 72 79 19 72 79 1 6 52 14 86 51 100 76 86 58 94 48 66 99 6 50 86 54 66 88 27 67 90 54 4 22 72 50 94 88 71 95 44 68 61 100 49 87 77 46 35 54 73 19 77 2 40 49 101 86 64 70 87 62 76 6 16 26 71 1 76 92 22 80 33 50 62 94 13 0 26 74 98 99 39 34 9 45 39 50 7 33 34 89 54 73 18 9 76 9 57 13 64 81 43 37 37 77 70 25 32 29 57 80 13 14 14
57 82 89 75 7 39 8 50 56 96 45 50 15 9 44 36 82 37 19 13 14 74 53 5 41 35 68 88 17 60 32 91 31 11 53 35 30 25 58 98 10 30 69 101 25 12 41 69 11 98 10 8 73 4 11 2 14 67 58 27 60 100 11 76 51 17 37 35 83 23 20 49 10 14 16 24 79 83 55 25 86 55 2 74 54 20 37 43 31 65 100 68 67 30 93 91 51 90 69 66 41 41 82 75 2 55 54 79 49 99 76 60 26 0 85 51 15 39 97 61 39 92 16 26 60 98 86 23 87 67 45 24 29 23 30 66 86 7 91 79 94 15 33 94 84 31 67 19 57 23
76 5 81 59 56 55 55 92 38 41 63 69 2 27 16 44 83 33 40 33 63 44 18 57 31 61 76 34 3 92 101 30 62 56 48 44 55 100 1 97 25 84 13 63 94 28 4 38 62 47 18 15 71 32 16 99 35 84 78 3 28 79 72 37 24 31 33 4 16 84 10 66 38 29 82 23 2 24 34 40 46 86 93 3 74 77 84 72 94 65 81 36 18 64 8 88 48 74 81 22 38 80 96 96 20 94 13 39 33 10 82 12 74 85 0 86 41 81 43 11 16 55 94 80 22 78 101 44 101 81 26 27 41 34 33 88 71 61 41 84 65 34 40 44 91 12 80 41 92 96
22 12 81 90 53 43 98 8 1 100 26 12 10 21 9 58 70 85 7 98 93 47 6 1 31 57 16 100 12 31 54 40 76 94 2 88 7 54 46 48 69 59 48 81 14 75 13 37 36 88 37 99 91 58 74 77 74 60 95 18 57 85 43 66 101 3 17 89 93 42 86 54 73 54 26 7 83 26 87 97 100 63 60 14 4 5 39 36 45 41 98 62 58 64 35 55 18 63 69 84 65 66 40 100 66 24 80 59 49 34 60 50 98 51 86 0 53 67 90 30 63 50 70 52 22 26 28 29 78 17 97 76 99 19 40 99 100 75 87 17 23 61 80 89 24 20 9 37 39 75
95 48 21 91 48 25 3 60 82 37 45 23 99 27 47 52 5 91 59 92 68 41 5 17 41 66 98 72 68 8 64 35 60 89 51 31 11 70 101 64 28 20 78 22 7 56 70 1 83 96 10 47 39 12 19 29 30 16 80 85 65 17 68 10 8 12 56 61 33 45 50 48 34 7 94 28 6 5 80 36 89 60 20 90 99 27 56 77 60 16 8 72 75 29 75 86 85 24 37 60 59 95 92 59 57 86 43 80 76 2 101 15 99 15 41 53 0 54 96 51 101 91 50 24 6 88 89 90 45 59 48 50 22 91 7 68 60 52 38 52 55 28 19 67 53 46 36 81 26 20
64 93 63 23 48 69 10 62 30 21 2 66 50 17 96 61 76 2 20 66 68 41 95 20 25 19 32 6 90 5 39 70 42 59 9 51 65 57 59 78 68 49 74 47 63 27 98 65 99 1 36 54 43 53 42 53 17 2 40 20 88 87 34 93 95 25 58 70 31 83 26 47 10 28 34 65 47 82 48 33 9 72 13 86 49 89 14 67 71 67 100 96 33 27 48 77 81 56 82 15 6 26 14 5 76 84 55 7 75 69 32 70 39 39 81 67 54 0 22 95 58 74 8 97 45 66 32 53 49 5 45 66 48 85 91 91 18 77 10 41 18 34 29 55 11 56 20 30 84 89
52 8 62 92 11 18 11 26 73 81 90 91 101 3 68 69 95 59 99 26 12 6 78 12 25 5 100 77 29 27 14 6 13 41 3 91 22 22 15 93 75 90 54 39 1 91 86 70 4 28 66 101 3 46 98 76 70 92 14 43 75 18 68 90 72 85 91 7 35 43 56 90 78 70 20 28 82 21 17 79 40 40 70 76 72 18 48 34 75 96 51 69 37 3 60 44 47 65 11 60 91 93 79 21 69 47 18 41 18 89 73 82 34 97 43 90 96 22 0 76 82 57 4 80 28 37 94 7 68 88 4 34 85 58 41 77 40 54 5 72 74 9 39 1 76 60 34 40 37 53
76 14 88 65 12 14 55 9 76 50 100 40 71 78 91 9 19 98 34 52 55 51 96 39 76 30 65 101 87 77 99 35 20 97 85 75 89 52 27 91 87 1 88 27 60 12 94 81 23 59 65 98 90 44 57 57 46 4 75 91 86 98 40 66 87 23 62 23 66 2 24 13 94 82 3 26 80 37 39 57 80 79 71 66 27 28 97 14 86 93 58 67 65 68 84 23 7 56 57 98 99 40 12 71 66 9 39 47 93 61 97 22 9 61 11 30 51 95 76 0 96 3 98 63 45 72 88 34 58 32 52 27 61 73 62 50 10 22 15 58 67 47 20 84 31 33 16 48 3 2
4 90 97 41 14 65 50 75 27 14 21 74 101 51 62 79 100 6 46 22 42 89 47 26 30 13 16 20 90 79 57 75 85 23 9 30 24 82 95 38 101 50 49 74 54 59 76 50 83 86 17 19 50 62 25 82 35 37 86 21 31 5 1 3 59 70 64 58 32 6 23 19 36 93 24 90 33 92 23 62 53 12 27 33 22 24 17 28 5 34 84 47 95 3 68 82 54 83 100 82 85 29 43 88 101 65 25 36 41 25 62 84 45 39 16 63 101 58 82 96 0 76 85 29 41 34 56 9 12 58 66 2 23 56 8 86 28 58 35 70 58 78 14 10 52 83 2 4 19 27
39 82 45 47 32 29 46 10 11 101 62 93 72 54 88 66 34 54 65 91 59 4 95 56 25 38 33 97 19 20 43 8 3 95 38 34 59 76 61 67 35 42 5 52 40 6 6 33 26 51 39 23 73 5 28 55 92 63 83 99 3 81 51 14 68 100 90 51 101 58 61 65 57 48 10 7 26 19 95 5 39 47 75 55 72 25 84 97 39 23 17 69 36 53 24 8 34 59 90 73 32 87 94 36 77 58 45 66 59 100 19 17 39 92 55 50 91 74 57 3 76 0 1 33 65 59 53 78 45 79 92 35 94 87 20 21 87 88 54 38 24 94 53 9 19 81 79 17 49 7
26 9 63 88 74 94 67 45 19 84 56 99 93 47 59 13 10 82 1 58 45 17 27 28 29 67 57 80 39 30 85 57 32 40 5 23 3 27 86 9 78 93 60 11 48 77 38 41 41 19 56 84 57 97 34 4 49 101 93 74 29 59 39 77 101 26 83 54 86 19 99 31 67 48 52 24 99 36 28 84 47 78 39 40 4 32 97 9 25 12 52 50 34 17 58 44 90 53 78 57 99 65 80 13 68 100 5 6 99 20 84 85 50 16 94 70 50 8 4 98 85 1 0 68 76 97 36 18 67 45 85 80 70 94 12 17 10 22 57 95 81 33 83 96 86 21 48 65 46 58
7 65 70 99 52 36 86 2 35 75 19 70 73 54 89 85 99 93 78 37 71 40 1 42 5 98 35 98 42 44 97 15 62 10 56 11 41 85 81 84 30 69 67 58 14 50 36 74 88 55 92 97 40 22 21 94 60 92 97 49 17 19 59 63 75 27 84 46 2 42 22 60 88 94 24 51 73 73 6 17 4 98 56 27 70 76 28 10 71 75 43 90 86 101 23 16 13 76 34 45 41 2 79 4 74 3 31 49 89 71 40 37 7 26 80 52 24 97 80 63 29 33 68 0 51 99 9 29 98 55 62 30 62 62 72 27 44 96 17 60 63 7 79 39 16 37 61 30 99 33
101 53 28 81 81 72 99 93 21 25 46 71 43 22 43 74 80 48 64 73 80 7 23 78 10 40 72 37 59 28 1 83 78 79 56 21 69 92 6 82 87 42 40 16 86 71 31 27 44 29 90 21 67 83 28 40 68 56 11 2 86 17 42 60 75 31 92 9 47 74 82 82 80 19 33 91 19 92 53 90 43 86 21 87 18 41 12 9 97 1 48 73 27 46 45 5 66 83 12 31 35 75 14 100 99 47 79 86 101 84 38 4 33 60 22 22 6 45 28 45 41 65 76 51 0 59 16 75 50 88 52 64 35 11 63 81 20 57 35 99 79 43 52 6 23 68 57 44 22 18
5 84 46 85 12 32 25 59 59 31 49 90 88 98 46 71 28 8 73 53 55 45 101 23 60 15 96 52 32 37 50 93 5 41 57 95 96 59 3 89 12 40 50 51 93 66 36 8 62 18 46 47 27 75 61 32 101 35 20 21 19 55 59 29 81 25 63 53 23 19 15 25 92 22 50 81 30 38 58 46 85 53 71 26 67 66 82 39 5 13 69 35 39 4 99 8 41 12 84 27 68 98 25 29 5 73 17 42 39 54 67 7 34 98 78 26 88 66 37 72 34 59 97 99 59 0 44 10 31 51 77 42 76 95 46 43 94 76 8 95 64 17 33 32 72 7 46 19 75 44
66 19 10 76 96 74 46 69 40 41 69 27 85 80 70 11 2 26 32 97 77 66 6 35 74 93 43 53 13 73 16 90 74 82 90 51 75 31 18 71 42 98 90 71 70 29 68 41 5 75 77 44 83 47 43 10 6 66 56 1 31 77 33 67 72 59 56 4 10 68 46 51 33 82 12 23 24 101 29 49 68 44 63 9 98 1 49 61 46 39 53 50 52 1 20 31 14 71 2 95 42 63 73 99 33 44 24 53 82 22 69 62 89 86 101 28 89 32 94 88 56 53 36 9 16 44 0 83 61 63 99 64 58 16 70 69 85 41 2 64 5 42 35 22 78 77 91 64 52 84
23 46 44 61 28 17 45 19 44 18 91 73 27 84 89 12 29 3 42 40 11 76 31 65 93 75 4 89 32 3 34 3 36 31 13 74 48 19 7 42 2 49 32 10 37 7 65 75 88 4 97 76 6 13 73 67 84 30 91 96 21 19 47 48 60 54 11 88 3 68 50 39 56 26 100 38 91 94 93 49 14 58 7 50 63 43 53 70 23 17 20 19 44 87 20 40 15 53 16 13 22 85 73 56 48 94 9 82 15 73 30 86 54 23 44 29 90 53 7 34 9 78 18 29 75 10 83 0 76 98 42 25 72 62 61 36 14 19 43 52 63 70 90 83 40 78 87 20 54 71
93 43 48 90 61 37 34 52 38 39 17 40 50 22 92 74 56 88 80 37 69 7 92 59 26 70 40 21 56 58 73 65 61 8 67 90 26 49 43 43 28 36 22 1 49 78 45 75 59 67 26 81 79 67 23 57 69 2 32 71 74 53 25 76 23 58 97 51 1 50 24 4 33 52 35 12 81 87 9 99 26 66 41 61 47 13 87 7 44 32 55 41 86 13 56 98 37 8 15 40 18 75 2 83 29 30 70 53 95 27 86 21 73 87 101 78 45 49 68 58 12 45 67 98 50 31 61 76 0 50 37 79 32 69 36 39 70 65 70 77 49 33 42 94 74 9 18 39 74 24
84 51 91 80 15 33 3 79 70 41 85 57 14 82 57 3 30 44 22 78 89 13 66 15 21 85 61 29 62 16 69 75 78 4 4 26 75 46 5 81 59 58 26 75 85 55 65 39 91 16 18 55 28 4 62 76 85 44 49 96 13 66 30 52 50 11 68 65 88 57 31 47 22 58 9 76 40 92 79 46 53 37 2 25 51 81 29 76 21 78 10 23 14 56 4 36 94 75 23 91 61 10 84 23 69 62 59 100 33 19 42 91 18 67 81 17 59 5 88 32 58 79 45 55 88 51 63 98 50 0 68 62 95 10 47 88 84 97 49 22 36 38 59 10 35 58 54 61 95 54
78 71 39 60 76 94 68 32 61 50 63 47 91 79 19 78 19 98 84 75 99 25 41 99 87 101 61 12 17 40 5 92 45 43 74 43 69 74 60 89 99 20 77 95 33 28 82 50 40 48 4 86 17 17 67 32 92 5 8 48 85 1 64 22 31 78 92 17 27 90 100 30 17 41 79 19 11 62 36 42 43 10 69 23 5 55 74 15 8 78 67 18 59 100 29 70 55 51 59 60 69 68 3 11 16 32 6 27 34 89 79 41 9 45 26 97 48 45 4 52 66 92 85 62 52 77 99 42 37 68 0 89 57 3 5 71 32 34 48 71 94 13 73 96 38 13 16 96 28 96
63 7 9 44 85 20 36 74 38 98 8 74 88 3 64 66 38 97 88 6 79 73 86 18 62 26 85 72 38 86 92 81 87 54 58 34 12 66 60 21 45 13 47 4 84 78 9 35 100 40 45 59 92 99 70 16 51 34 3 79 71 92 93 46 48 87 75 68 78 10 79 60 58 33 55 45 15 61 72 92 82 28 78 11 88 86 3 75 39 83 22 89 90 87 90 67 73 20 69 31 63 88 6 37 23 22 89 74 75 47 90 24 76 24 27 76 50 66 34 27 2 35 80 30 64 42 64 25 79 62 89 0 74 29 57 101 95 73 40 37 99 78 64 34 72 72 46 7 8 83
6 7 22 36 19 47 10 6 15 8 31 67 43 59 51 20 40 85 42 28 57 86 99 39 39 90 44 49 42 14 77 71 63 6 79 55 31 92 5 17 22 95 56 56 73 11 77 91 5 74 1 47 38 98 20 68 29 81 37 70 59 45 30 60 74 101 66 81 60 25 56 48 52 11 60 70 76 92 27 40 3 21 38 29 24 93 7 46 86 3 74 60 35 82 37 55 72 38 7 97 30 9 51 2 3 38 89 40 67 3 14 88 9 29 41 99 22 48 85 61 23 94 70 62 35 76 58 72 32 95 57 74 0 4 15 44 24 82 80 49 3 65 6 78 6 99 91 46 46 80
85 27 71 91 31 24 95 26 43 71 1 20 85 41 62 69 22 17 15 84 32 26 14 44 62 80 66 80 14 88 3 3 97 9 1 78 59 43 60 3 17 42 38 97 79 21 88 41 52 89 100 23 89 89 1 81 18 63 38 24 70 60 49 49 99 54 70 79 42 85 11 88 78 64 24 89 26 76 35 8 12 6 66 23 59 49 54 14 95 7 100 39 78 91 49 65 35 67 58 56 23 89 56 78 89 39 80 9 49 68 21 55 57 23 34 19 91 85 58 73 56 87 94 62 11 95 16 62 69 10 3 29 4 0 9 15 14 32 17 59 24 67 90 100 27 67 37 3 89 71
30 65 98 80 55 37 43 22 30 42 88 77 82 55 8 37 18 1 91 67 95 79 12 5 62 74 47 17 53 47 65 26 49 91 22 55 3 14 21 61 96 70 72 34 90 58 12 30 88 71 78 6 66 69 63 85 73 72 58 83 85 4 58 79 42 9 84 73 33 18 45 81 82 9 58 74 62 101 29 80 85 65 69 18 87 34 8 29 59 79 12 33 81 58 56 76 43 73 55 8 90 3 39 44 7 67 25 19 62 71 68 64 13 30 33 40 7 91 41 62 8 20 12 72 63 46 70 61 36 47 5 57 15 9 0 40 36 63 7 26 65 12 18 31 75 70 29 14 79 99
56 95 89 46 60 79 34 47 77 2 9 100 56 86 49 72 72 44 40 41 83 48 21 57 93 86 53 2 34 89 36 66 8 61 88 25 50 73 89 1 3 35 36 49 29 87 12 92 42 58 9 35 19 95 4 35 73 53 58 44 48 95 43 50 24 46 68 85 25 99 49 89 98 98 2 78 59 67 63 69 56 65 1 95 82 32 16 40 4 49 22 9 72 38 77 69 82 94 22 81 84 94 51 37 75 93 38 20 56 29 28 9 64 66 88 99 68 91 77 50 86 21 17 27 81 43 69 36 39 88 71 101 44 15 40 0 95 60 97 7 48 3 78 2 52 74 6 16 74 41
69 62 10 86 16 32 19 63 76 90 78 86 55 92 14 53 69 82 7 7 76 42 82 2 19 64 31 97 33 56 26 68 26 5 15 79 49 5 9 11 64 20 56 56 19 10 101 95 9 10 73 23 32 25 98 28 45 83 34 5 62 54 35 61 38 43 17 8 101 82 28 80 48 87 37 52 39 100 32 19 76 101 67 94 16 87 93 4 58 68 36 40 77 85 45 33 64 51 17 54 85 55 88 14 15 60 51 82 44 28 9 100 81 86 71 100 60 18 40 10 28 87 10 44 20 94 85 14 70 84 32 95 24 14 36 95 0 88 27 91 3 45 8 22 94 35 63 31 37 101
53 78 72 61 61 51 16 55 18 67 101 37 1 48 69 4 2 93 84 57 15 51 86 55 66 61 66 1 23 2 84 66 63 62 2 9 85 8 20 83 89 7 12 42 45 95 54 40 30 51 48 46 78 82 82 63 3 92 100 8 30 38 52 89 64 44 59 12 31 51 62 101 20 66 21 63 69 64 17 20 24 82 53 2 69 64 93 48 97 70 71 49 68 64 3 1 65 32 11 61 23 10 93 101 14 91 33 66 99 84 70 19 43 7 61 75 52 77 54 22 58 88 22 96 57 76 41 19 65 97 34 73 82 32 63 60 88 0 47 3 57 92 42 73 6 19 8 48 16 84
42 63 9 77 90 65 61 35 50 16 62 52 74 57 49 99 22 83 36 28 70 5 60 24 24 47 47 36 79 98 3 31 74 56 81 66 24 59 78 70 92 4 36 13 56 1 27 86 39 19 70 90 98 55 92 73 73 58 47 85 39 46 41 95 2 83 22 80 50 33 49 48 81 32 66 14 20 33 59 85 30 29 44 95 13 15 22 11 14 81 86 25 45 76 18 61 95 89 19 78 30 42 77 22 39 8 81 51 46 66 46 42 37 91 41 87 38 10 5 15 35 54 57 17 35 8 2 43 70 49 48 40 80 17 7 97 27 47 0 83 10 89 19 59 29 10 91 91 8 87
13 99 86 74 16 69 60 7 69 31 66 79 77 49 39 89 24 78 24 25 60 62 87 44 62 80 27 14 13 28 25 92 56 4 83 72 93 85 58 98 91 30 5 72 41 97 80 8 70 11 6 97 93 67 90 101 22 18 85 35 77 10 60 9 37 13 18 83 42 48 57 84 96 67 16 59 57 37 74 24 41 39 73 49 31 49 67 21 10 62 94 57 99 36 63 14 9 62 64 30 85 42 80 98 59 60 19 95 37 90 18 30 37 79 84 17 52 41 72 58 70 38 95 60 99 95 64 52 77 22 71 37 49 59 26 7 91 3 83 0 95 99 5 100 67 3 86 78 59 8
36 64 15 73 80 88 37 14 10 93 54 43 28 24 98 63 76 37 36 101 42 65 78 49 39 28 88 101 48 9 3 6 3 84 31 11 62 88 30 50 93 10 98 100 58 40 76 28 34 47 70 23 10 20 101 1 55 52 19 70 50 26 49 27 81 44 89 90 89 38 39 49 60 13 43 81 32 50 68 11 17 7 74 62 83 98 67 4 90 6 66 57 87 24 54 89 44 67 84 37 46 101 81 34 89 5 99 28 99 15 16 37 77 94 65 23 55 18 74 67 58 24 81 63 79 64 5 63 49 36 94 99 3 24 65 48 3 57 10 95 0 96 21 31 25 98 48 36 72 15
87 48 29 2 43 48 90 10 50 60 51 27 27 18 28 81 8 87 29 27 59 17 32 16 2 7 49 21 85 34 79 20 4 53 25 16 22 93 33 37 100 101 91 90 8 75 3 101 52 35 47 18 30 25 38 101 74 69 55 78 73 59 50 59 49 66 48 15 12 31 8 9 75 92 76 18 52 34 9 26 35 32 91 3 66 22 16 60 35 61 35 30 57 8 99 100 71 65 20 100 16 94 63 2 14 17 12 14 65 52 71 65 70 15 34 61 28 34 9 47 78 94 33 7 43 17 42 70 33 38 13 78 65 67 12 3 45 92 89 99 96 0 97 10 16 76 83 7 64 36
81 93 24 4 99 51 21 17 45 89 2 100 19 59 81 56 50 60 52 16 97 37 57 86 22 77 2 83 15 26 74 75 25 53 18 1 19 56 31 19 67 15 61 69 47 68 1 77 39 92 94 86 93 43 96 61 35 56 4 28 28 72 78 86 87 87 74 14 46 18 63 73 60 9 88 73 87 3 58 61 97 77 87 36 2 34 17 27 11 50 21 96 54 17 11 29 70 20 47 80 25 40 45 60 72 22 71 98 66 82 74 78 25 33 40 80 19 29 39 20 14 53 83 79 52 33 35 90 42 59 73 64 6 90 18 78 8 42 19 5 21 97 0 2 54 43 4 63 31 88
54 63 38 61 75 55 22 85 88 18 83 73 88 81 98 70 93 31 4 89 24 30 72 99 97 59 9 54 79 68 20 41 57 1 32 92 54 60 47 8 50 71 97 27 65 35 59 90 58 72 52 6 77 4 4 74 49 90 63 66 79 93 82 84 7 43 48 74 6 5 51 41 42 75 29 82 51 35 45 21 54 82 93 45 22 44 66 72 38 20 98 58 39 72 57 56 56 30 1 91 74 97 47 99 42 59 47 47 4 12 83 80 32 94 44 89 67 55 1 84 10 9 96 39 6 32 22 83 94 10 96 34 78 100 31 2 22 73 59 100 31 10 2 0 77 53 36 42 75 94
60 36 88 1 1 42 41 90 40 52 45 94 36 13 22 55 31 52 13 39 9 60 55 31 26 52 17 59 87 6 59 34 17 39 59 96 9 23 19 94 36 70 21 39 94 99 62 82 1 66 54 44 48 86 85 78 71 87 97 22 39 28 2 88 26 36 3 36 44 26 98 98 65 33 40 29 89 67 67 55 64 8 90 72 40 11 56 15 14 95 20 53 14 98 97 36 83 77 38 29 18 53 24 17 59 82 72 91 17 84 89 39 29 84 91 24 53 11 76 31 52 19 86 16 23 72 78 40 74 35 38 72 6 27 75 52 94 6 29 67 25 16 54 77 0 30 37 71 33 6
10 64 22 16 82 12 13 9 52 90 54 40 33 17 28 54 78 71 88 35 44 71 43 62 46 76 69 38 82 27 31 93 42 43 87 18 28 71 63 94 30 46 11 7 87 22 101 1 1 31 8 84 24 61 86 82 37 101 61 7 51 13 21 16 98 88 85 8 36 18 57 28 64 66 72 87 95 51 17 57 44 40 19 71 19 100 14 11 54 35 63 38 72 95 36 52 54 73 70 68 16 7 32 56 80 56 14 93 9 75 95 91 57 31 12 20 46 56 60 33 83 81 21 37 68 7 77 78 9 58 13 72 99 67 70 74 35 19 10 3 98 76 43 53 30 0 31 36 83 16
22 42 86 94 35 91 58 45 50 69 69 85 2 94 49 51 60 59 3 91 80 56 42 82 46 39 30 26 98 64 9 33 62 97 36 49 14 65 81 30 67 48 18 48 31 78 32 36 88 19 24 13 59 52 35 65 24 91 4 29 57 88 42 56 77 95 61 44 41 76 33 33 21 62 43 61 94 54 92 20 26 51 32 28 44 76 66 56 65 7 68 61 96 15 84 76 65 75 92 62 75 36 54 41 67 55 44 63 26 96 9 61 80 67 80 9 36 20 34 16 2 79 48 61 57 46 91 87 18 54 16 46 91 37 29 6 63 8 91 86 48 83 4 36 37 31 0 1 24 29
40 86 35 84 32 82 87 95 55 90 81 83 98 25 26 75 95 65 48 49 21 34 61 39 11 26 57 49 38 1 28 37 41 11 101 23 67 89 1 64 78 85 33 39 65 56 49 78 18 36 77 101 33 62 35 88 36 9 84 41 12 63 79 29 30 21 39 78 66 35 56 80 21 43 30 44 49 19 82 4 72 50 95 50 5 56 46 82 67 71 85 64 88 96 97 41 63 31 55 72 34 29 24 46 85 53 5 83 39 43 46 18 13 19 41 37 81 30 40 48 4 17 65 30 44 19 64 20 39 61 96 7 46 3 14 16 31 48 91 78 36 7 63 42 71 36 1 0 28 49
21 13 44 7 55 39 10 5 30 81 8 101 69 99 75 82 31 86 90 43 16 32 95 40 98 29 50 50 53 2 96 24 37 85 92 75 40 88 84 53 76 65 26 23 58 53 23 37 91 65 82 95 69 22 92 100 91 71 81 22 67 18 89 88 11 66 62 86 60 31 76 47 33 27 76 19 3 67 81 43 65 65 77 82 17 15 58 46 22 9 28 101 54 61 18 33 50 71 101 27 93 67 76 1 50 24 9 12 17 62 4 88 14 57 92 39 26 84 37 3 19 49 46 99 22 75 52 54 74 95 28 8 46 89 79 74 37 16 8 59 72 64 31 75 33 83 24 28 0 74
23 29 7 67 43 13 87 93 32 31 52 43 37 55 82 71 98 68 76 12 55 24 38 57 95 79 14 93 3 32 4 46 99 99 75 29 79 95 70 47 96 19 40 9 43 37 30 8 67 4 70 7 49 24 36 51 94 97 97 23 25 76 93 78 76 41 25 11 82 40 16 20 70 64 54 76 4 66 56 53 97 29 67 5 26 77 80 31 10 30 6 92 68 6 43 78 85 84 1 31 9 27 53 38 69 62 4 93 86 82 43 3 14 23 96 75 20 89 53 2 27 7 58 33 18 44 84 71 24 54 96 83 80 71 99 41 101 84 87 8 15 36 88 94 6 16 29 49 74 0
