0 16 79 64 36 44 59 100 95 23 92 44 47 83 14 71 61 81 30 50 3 60 31 14 35 1 66 18 49 38 9 80 38 39 68 53 69 75 98 5 72 93 65 7 60 46 10 79 20 91 32 85 51 66 79 1 76 50 31 45 67 91 75 49 53 101 42 74 87 77 67 93 98 53 51 58 28 86 98 70 24 81 53 61 21 64 59 62 55 30 101 48 31 18 82 83 8 100 94 28 33 71 99 52 91 84 58 32 87 41 65 90 91 32 54 76 14 74 92 75 101 25 39 26 65 76 29 16 48 69 100 69 73 10 58 50 37 81 23 14 4 83 48 9 35 41 20 20 52 33
16 0 71 33 78 101 39 91 79 86 97 78 47 15 99 97 82 32 25 75 7 84 87 85 1 4 6 39 94 18 40 1 41 66 100 59 43 24 68 15 32 89 72 38 82 62 69 27 83 19 92 15 60 88 20 77 53 64 58 9 23 4 5 20 30 84 39 47 3 49 48 39 78 73 71 33 86 54 8 76 37 83 37 86 32 72 6 7 60 15 99 100 84 44 66 49 63 23 77 43 2 36 76 11 76 89 52 46 53 73 12 97 59 19 1 16 83 40 43 60 47 16 67 16 58 34 35 83 47 27 93 4 25 36 62 64 36 90 87 40 39 7 55 49 15 10 90 37 34 15
79 71 0 69 76 30 29 66 29 33 16 12 2 96 73 13 89 42 82 4 35 100 99 18 87 67 40 20 89 71 19 92 21 21 99 41 73 69 92 91 17 32 68 4 7 56 87 85 101 23 14 20 30 2 94 6 16 83 6 69 67 35 44 70 99 79 37 3 70 90 57 39 39 13 83 1 81 32 75 10 6 87 66 13 36 90 30 100 16 59 68 83 17 32 63 37 53 35 79 91 35 36 37 54 18 37 91 2 82 67 12 66 88 42 66 88 69 11 59 9 78 13 92 37 50 88 43 8 66 71 70 59 61 21 71 51 93 39 96 34 6 37 9 50 36 43 15 73 65 47
64 33 69 0 45 20 24 76 36 53 82 91 66 37 29 67 5 6 98 71 83 20 86 36 72 11 98 22 24 83 95 77 23 35 51 70 99 49 9 20 64 80 99 53 62 38 5 84 74 10 93 38 100 47 51 9 68 31 79 11 28 29 47 80 71 64 47 66 13 78 14 83 32 48 82 98 20 13 68 100 7 46 85 70 2 34 66 85 11 66 11 87 97 64 87 13 41 5 75 80 27 92 97 97 18 42 23 42 9 85 4 63 77 84 74 39 1 75 40 86 60 97 54 65 85 81 68 74 71 48 45 6 51 33 19 29 37 63 74 54 28 81 19 68 43 88 14 88 64 63
36 78 76 45 0 42 60 5 75 89 69 71 37 86 101 50 73 5 86 48 56 90 65 10 27 50 72 100 87 24 95 101 56 93 56 58 66 88 37 80 69 48 40 101 8 13 97 96 67 93 98 57 89 61 52 57 35 15 45 99 4 30 12 77 57 40 11 17 58 41 7 5 91 72 61 69 20 54 73 26 55 61 3 11 52 11 74 99 82 14 9 101 5 84 55 4 9 37 81 84 34 9 16 72 71 43 54 28 24 60 48 26 70 85 67 61 14 97 91 51 78 58 56 16 43 3 76 10 14 93 68 77 95 82 92 90 83 26 60 36 97 66 36 86 1 10 1 89 101 50
44 101 30 20 42 0 65 38 77 79 61 58 20 101 21 28 32 98 10 72 100 83 13 101 94 55 58 89 88 37 25 81 7 7 89 10 92 95 72 52 16 60 100 18 31 7 81 53 65 91 12 49 13 21 95 25 99 56 50 22 16 85 73 53 59 94 82 57 74 46 38 8 39 28 90 39 4 80 79 23 51 13 87 92 49 86 46 6 27 94 65 13 79 22 22 67 64 51 94 73 86 62 43 82 37 91 70 69 84 29 2 12 70 99 19 75 98 41 13 65 100 55 36 1 61 6 54 9 95 69 75 55 98 87 10 96 61 47 96 63 41 7 42 71 11 52 77 100 14 76
59 39 29 24 60 65 0 60 95 42 80 65 73 78 78 54 18 45 50 89 20 48 94 98 30 82 43 11 58 90 86 89 53 18 42 77 21 62 72 63 41 76 10 71 58 77 28 2 13 82 10 24 54 68 72 21 37 64 79 92 15 91 50 7 39 88 54 27 54 18 5 3 12 43 24 4 7 51 11 84 31 34 2 8 97 55 4 45 34 48 33 86 36 78 67 31 56 97 21 3 9 61 27 36 92 9 46 11 15 37 64 46 5 88 94 5 2 35 58 89 5 23 80 67 35 62 44 61 54 87 94 63 23 1 97 16 60 32 83 69 64 12 81 12 64 88 1 89 5 79
100 91 66 76 5 38 60 0 11 26 22 13 23 81 67 59 55 42 55 93 28 26 39 25 86 13 7 93 16 34 78 98 56 42 32 10 72 75 2 77 25 79 27 43 33 12 14 48 97 87 67 80 24 1 68 71 32 20 62 76 91 72 20 87 44 44 86 30 47 47 81 84 97 52 80 62 19 48 31 89 35 85 47 44 86 32 17 20 44 25 19 36 57 64 65 60 37 84 6 21 46 54 20 42 9 17 45 60 92 8 25 100 13 77 81 88 28 23 23 40 27 39 58 3 8 26 62 61 3 83 86 21 55 76 69 52 4 76 19 58 37 96 70 71 40 7 82 46 4 69
95 79 29 36 75 77 95 11 0 57 5 81 93 31 76 19 28 19 46 28 75 60 19 47 26 49 94 60 35 99 85 75 63 53 96 97 96 96 34 92 48 56 38 3 39 24 42 96 63 87 79 98 72 54 51 78 100 3 16 99 5 43 15 94 25 68 21 50 9 2 97 88 41 85 60 56 1 89 52 13 27 57 19 72 77 89 55 90 58 8 22 24 79 82 100 36 81 10 61 57 39 23 8 91 43 28 47 60 43 52 87 98 44 44 48 60 74 68 63 48 9 14 19 20 73 79 66 92 58 94 22 99 87 78 101 7 44 78 73 69 53 47 83 37 73 43 57 7 25 33
23 86 33 53 89 79 42 26 57 0 33 65 40 38 18 76 48 19 41 45 52 93 84 57 44 94 92 65 9 40 74 93 12 64 91 92 22 82 67 79 87 24 58 84 86 81 24 14 90 58 51 30 93 90 87 50 64 7 70 84 8 46 17 17 33 82 24 90 34 8 52 67 17 49 28 49 71 64 91 86 66 77 55 10 52 28 12 100 79 23 1 29 17 91 96 84 38 34 86 18 26 33 62 70 101 71 24 1 56 24 3 92 47 34 95 39 54 77 101 24 87 33 80 62 87 22 52 11 65 74 55 76 73 9 6 30 7 35 84 80 41 33 25 37 31 79 93 53 82 90
92 97 16 82 69 61 80 22 5 33 0 40 83 1 9 95 58 88 86 70 33 77 66 11 49 67 89 75 81 46 85 88 50 82 44 82 17 43 29 94 22 89 75 90 78 75 19 11 24 89 3 82 9 84 46 44 28 101 51 82 34 58 47 23 63 50 22 25 87 99 57 63 12 81 23 69 16 4 44 74 88 100 18 25 47 14 55 80 86 83 8 82 80 47 92 2 37 35 30 2 35 69 13 80 38 44 50 76 36 17 29 59 50 7 98 86 42 49 68 95 77 88 67 69 51 81 69 96 28 20 34 92 20 73 94 69 19 67 42 25 35 8 28 6 71 93 95 1 40 62
44 78 12 91 71 58 65 13 81 65 40 0 55 59 53 61 67 24 57 68 68 44 88 71 16 4 60 95 73 88 77 87 10 6 48 72 72 73 42 80 93 85 54 43 29 100 19 88 20 45 75 30 95 16 54 24 50 37 8 57 98 77 89 51 68 61 52 87 4 29 33 39 51 23 88 94 78 96 28 20 78 86 89 37 76 31 3 36 26 4 74 100 79 12 75 38 51 98 90 34 68 64 83 35 71 70 8 25 60 64 101 83 34 75 48 11 16 41 71 4 11 5 87 3 28 63 27 86 6 72 82 51 54 85 78 28 16 78 69 1 83 72 42 78 11 50 61 30 91 73
47 47 2 66 37 20 73 23 93 40 83 55 0 8 28 68 71 31 25 64 70 68 93 62 57 88 56 65 85 10 75 99 74 9 70 56 94 63 36 33 50 41 38 57 63 25 12 44 89 87 96 42 1 32 53 12 10 94 87 62 35 15 1 73 100 22 44 11 44 52 50 41 85 29 73 17 10 22 58 72 63 3 58 31 66 74 72 67 24 101 83 8 40 66 55 44 11 59 6 53 4 58 23 28 3 29 21 2 38 99 101 1 41 18 55 66 59 67 35 87 4 45 24 91 41 70 88 8 17 23 76 47 96 4 10 9 15 80 89 41 81 24 88 20 84 14 35 89 8 33
83 15 96 37 86 101 78 81 31 38 1 59 8 0 87 3 24 48 29 13 61 61 84 53 82 57 20 42 23 45 101 16 15 86 38 23 28 55 48 50 30 54 14 74 41 86 23 15 3 6 87 5 39 92 50 45 6 100 42 23 79 33 94 36 40 60 98 62 33 33 63 98 15 89 3 87 31 43 67 75 37 93 80 59 53 88 25 67 95 95 42 18 50 25 57 98 11 3 93 58 33 86 70 85 16 70 50 60 48 21 59 31 68 57 74 79 39 76 18 66 15 4 66 18 42 32 61 91 89 24 33 9 18 100 86 76 9 2 38 58 72 32 99 61 57 46 23 2 27 79
14 99 73 29 101 21 78 67 76 18 9 53 28 87 0 50 83 11 35 63 51 49 16 38 30 65 27 48 32 37 11 84 27 100 41 89 25 55 51 101 74 84 63 75 12 98 41 3 14 12 60 83 82 99 10 99 2 71 78 70 72 57 1 10 61 81 29 45 72 97 22 83 95 77 27 18 35 79 38 93 28 14 3 79 59 7 56 33 16 88 81 15 85 73 85 75 91 22 42 21 89 5 24 98 25 30 34 95 89 69 101 55 11 63 28 84 69 21 55 64 5 59 18 12 100 77 31 37 11 80 89 25 57 25 85 101 41 72 18 13 48 45 75 26 57 82 89 48 63 21
71 97 13 67 50 28 54 59 19 76 95 61 68 3 50 0 41 20 31 3 43 46 94 11 100 23 61 79 98 85 89 92 77 70 66 90 32 92 50 1 45 11 30 16 94 2 69 75 8 21 22 61 71 2 47 60 71 75 48 40 77 71 38 95 13 101 88 92 51 67 33 63 28 86 23 41 67 31 86 38 21 76 66 40 97 63 96 89 73 90 57 10 69 79 91 15 15 91 29 93 53 91 56 49 58 33 45 60 57 60 49 53 43 47 78 100 18 68 97 91 68 89 50 53 56 42 65 90 12 62 46 61 20 1 85 62 29 74 52 89 36 79 92 40 33 84 80 6 73 48
61 82 89 5 73 32 18 55 28 48 58 67 71 24 83 41 0 88 33 14 16 43 75 68 87 7 34 78 27 15 27 41 95 76 83 60 73 16 26 83 75 28 63 93 26 14 24 21 88 64 37 19 33 64 86 54 58 61 78 53 42 33 91 56 99 86 40 56 72 16 59 10 74 53 64 66 44 88 95 58 97 64 17 52 48 91 13 40 23 100 10 73 4 35 57 10 13 16 92 31 62 49 56 52 43 67 27 28 39 52 38 9 19 36 19 55 32 63 79 19 58 97 60 80 56 34 59 91 17 59 18 82 9 94 12 54 65 94 24 73 16 21 94 51 16 5 6 66 53 2
81 32 42 6 5 98 45 42 19 19 88 24 31 48 11 20 88 0 84 3 97 94 73 83 63 86 54 66 80 50 36 19 86 48 37 63 54 91 36 58 50 64 98 5 78 81 14 23 40 17 44 45 52 75 45 94 55 66 35 72 98 57 73 70 79 7 81 62 53 62 17 36 49 64 58 97 9 8 12 2 78 31 66 77 61 76 18 54 66 71 29 82 64 39 37 20 87 92 67 83 81 78 36 75 46 68 83 38 14 10 36 101 96 50 7 99 22 31 74 47 78 1 16 71 90 27 84 74 73 86 1 85 99 69 88 74 31 42 99 62 31 10 15 81 68 45 84 58 81 79
30 25 82 98 86 10 50 55 46 41 86 57 25 29 35 31 33 84 0 16 8 2 51 58 31 24 98 99 73 3 39 25 10 93 43 68 1 52 40 69 15 63 42 23 64 47 65 39 5 10 38 53 35 47 81 1 1 14 65 64 45 89 97 53 61 70 49 20 76 95 56 78 98 77 28 25 35 67 68 69 75 83 22 41 10 9 18 87 49 37 69 51 35 37 52 13 62 26 33 73 35 38 26 13 21 68 20 87 75 28 19 57 23 77 82 2 92 61 14 36 83 48 90 11 83 69 1 69 36 99 21 87 51 48 99 43 47 80 98 95 25 87 65 83 70 49 59 58 60 51
50 75 4 71 48 72 89 93 28 45 70 68 64 13 63 3 14 3 16 0 32 97 56 55 89 31 85 36 101 68 37 55 28 9 39 72 74 26 12 63 88 85 45 96 78 101 51 24 64 78 62 77 41 77 81 25 70 31 4 19 23 96 85 79 33 77 8 90 31 42 73 73 74 62 84 40 95 58 31 69 47 32 33 56 73 23 92 28 79 17 54 15 58 10 49 44 42 71 2 18 29 35 39 23 34 70 80 6 84 11 9 76 72 24 49 41 30 20 94 99 20 72 4 33 87 75 62 71 99 11 78 76 34 100 6 9 60 12 83 55 99 94 101 96 41 7 28 16 81 83
3 7 35 83 56 100 20 28 75 52 33 68 70 61 51 43 16 97 8 32 0 14 18 32 23 11 31 16 35 67 54 63 60 2 32 97 99 1 38 39 36 32 77 9 58 7 55 82 14 38 88 42 26 5 51 68 66 23 55 5 41 91 60 9 51 67 74 74 65 13 95 22 39 16 77 62 46 18 55 84 7 42 53 53 66 81 16 94 92 30 25 14 39 17 36 43 65 28 19 86 64 33 51 12 31 80 71 22 71 85 1 84 31 86 75 26 14 81 69 57 76 93 71 26 88 61 11 60 64 50 18 53 54 19 22 91 28 17 96 73 97 37 80 28 37 32 87 50 68 55
60 84 100 20 90 83 48 26 60 93 77 44 68 61 49 46 43 94 2 97 14 0 23 41 33 84 84 6 23 37 86 38 66 89 59 28 97 91 6 27 84 40 27 96 46 74 95 14 90 24 98 5 8 87 50 91 30 64 76 29 33 5 51 14 90 76 90 74 56 41 3 28 64 2 88 94 48 26 66 41 60 91 73 50 32 54 12 63 48 33 3 55 38 54 16 67 62 99 41 69 89 21 38 18 97 41 13 30 34 34 4 10 18 17 81 90 56 60 29 36 78 33 16 64 11 90 2 81 33 68 9 91 15 57 39 21 68 63 86 80 15 60 6 37 68 36 68 55 12 60
31 87 99 86 65 13 94 39 19 84 66 88 93 84 16 94 75 73 51 56 18 23 0 45 50 27 31 45 37 59 77 53 100 57 67 4 41 68 27 26 67 88 82 18 52 55 97 65 68 1 31 96 19 34 27 81 75 66 98 100 91 21 78 17 101 35 17 4 83 9 8 31 71 45 82 84 98 1 18 75 1 3 17 52 35 54 36 2 5 88 28 25 100 94 6 7 84 101 63 3 31 56 30 83 2 7 74 61 93 36 62 23 45 56 44 18 85 36 73 49 41 39 28 6 12 39 24 57 99 50 37 88 29 22 15 32 44 98 81 71 84 21 94 96 73 60 48 76 27 38
14 85 18 36 10 101 98 25 47 57 11 71 62 53 38 11 68 83 58 55 32 41 45 0 59 51 83 12 21 33 4 49 70 74 33 69 71 100 75 16 80 76 10 48 73 4 69 30 63 101 61 30 69 101 49 23 99 53 71 13 66 55 39 73 101 17 60 9 4 73 76 65 28 68 26 101 37 26 11 65 61 27 78 96 13 71 31 58 68 66 65 32 39 32 17 16 27 25 47 37 80 24 22 16 73 28 20 26 101 44 63 10 101 83 66 63 20 83 77 58 93 61 58 24 84 85 47 74 23 65 55 22 19 3 55 8 101 70 77 19 11 64 52 56 36 74 81 81 91 64
35 1 87 72 27 94 30 86 26 44 49 16 57 82 30 100 87 63 31 89 23 33 50 59 0 70 30 17 42 31 85 62 91 77 78 34 44 95 74 45 19 49 62 79 92 8 4 88 33 7 86 82 54 89 76 51 96 21 51 32 57 8 73 45 50 66 97 81 92 26 87 59 35 18 100 43 86 4 29 77 36 98 11 73 72 31 86 33 18 23 100 5 59 25 65 74 75 10 68 73 3 50 90 9 16 80 39 67 88 59 86 57 56 39 11 45 43 59 26 67 49 44 53 9 72 59 24 13 36 45 92 77 63 8 15 71 88 97 96 1 88 5 50 101 60 44 28 73 34 36
1 4 67 11 50 55 82 13 49 94 67 4 88 57 65 23 7 86 24 31 11 84 27 51 70 0 43 6 94 54 14 9 20 14 6 89 27 68 15 7 33 76 6 5 19 19 63 47 41 42 83 6 15 68 10 20 44 77 39 79 69 84 18 9 59 5 13 101 91 96 90 67 72 86 6 52 54 11 59 89 37 14 5 81 25 80 15 69 30 61 48 65 89 61 98 30 100 3 98 41 1 61 57 94 3 12 21 60 40 95 40 74 64 72 94 52 37 68 30 58 40 35 19 5 18 23 81 69 58 31 31 85 82 40 79 62 92 58 98 81 41 42 82 65 82 43 53 38 15 55
66 6 40 98 72 58 43 7 94 92 89 60 56 20 27 61 34 54 98 85 31 84 31 83 30 43 0 8 70 57 28 44 20 77 91 82 9 57 95 95 95 62 36 35 27 17 60 21 42 30 77 81 92 54 27 63 88 24 1 79 77 80 16 76 35 8 76 78 75 22 22 88 4 77 86 16 78 56 22 63 82 39 19 20 60 30 94 45 14 85 31 91 94 30 57 53 86 97 89 14 90 12 45 20 34 13 24 65 45 48 33 92 5 38 37 80 92 18 52 25 54 96 63 56 11 5 76 80 76 37 59 13 87 53 33 57 55 21 37 33 63 86 44 69 95 73 11 97 74 3
18 39 20 22 100 89 11 93 60 65 75 95 65 42 48 79 78 66 99 36 16 6 45 12 17 6 8 0 72 21 25 36 87 98 67 30 8 88 87 34 53 30 7 12 50 34 20 38 14 6 53 33 7 69 80 17 47 2 3 45 36 24 94 65 69 22 17 37 50 74 55 13 11 48 8 2 25 77 13 66 35 36 7 89 51 53 51 12 1 50 29 50 71 63 10 18 93 80 76 6 63 47 12 41 19 4 80 13 96 87 93 57 100 66 6 61 82 92 14 87 18 35 80 8 26 53 20 14 36 42 18 71 38 88 88 65 28 9 70 87 76 5 86 37 86 62 67 13 17 22
49 94 89 24 87 88 58 16 35 9 81 73 85 23 32 98 27 80 73 101 35 23 37 21 42 94 70 72 0 100 58 84 16 29 29 101 31 59 98 9 83 50 75 64 9 48 87 31 90 96 34 42 47 55 4 88 54 35 5 64 59 27 76 59 65 86 58 93 60 81 93 19 11 36 60 61 38 27 17 2 85 26 49 43 100 34 31 52 65 66 99 88 51 58 93 53 19 45 100 43 19 56 92 37 89 81 29 97 56 91 65 7 93 59 64 79 11 99 4 36 95 73 76 81 63 69 34 91 69 15 46 94 76 53 71 100 50 87 61 59 100 78 21 61 70 10 52 32 99 25
38 18 71 83 24 37 90 34 99 40 46 88 10 45 37 85 15 50 3 68 67 37 59 33 31 54 57 21 100 0 1 48 27 34 42 33 87 93 43 9 32 2 13 36 83 8 10 49 56 65 17 97 9 83 82 88 39 52 55 12 14 37 48 30 7 59 94 14 85 1 36 48 96 55 4 22 99 11 64 55 37 64 53 101 69 49 13 97 60 83 101 9 2 32 22 68 88 81 86 86 66 96 66 99 43 6 62 85 79 76 63 24 47 65 13 100 51 2 59 40 86 38 90 83 60 78 58 67 7 37 31 39 92 29 24 76 61 59 89 32 50 77 47 88 33 46 59 61 21 3
9 40 19 95 95 25 86 78 85 74 85 77 75 101 11 89 27 36 39 37 54 86 77 4 85 14 28 25 58 1 0 31 91 75 46 72 68 76 5 61 14 50 49 93 74 101 80 1 19 15 53 24 43 13 45 93 87 88 32 73 64 37 5 23 37 5 12 77 39 80 89 14 18 35 22 36 35 60 62 8 80 6 63 14 92 50 94 23 12 14 94 67 33 11 74 18 49 55 26 59 101 81 34 76 80 67 99 14 93 60 92 76 7 18 17 101 77 49 42 29 44 89 95 28 55 17 81 31 90 60 86 46 86 1 63 68 69 69 76 44 31 52 91 82 34 63 70 91 10 40
80 1 92 77 101 81 89 98 75 93 88 87 99 16 84 92 41 19 25 55 63 38 53 49 62 9 44 36 84 48 31 0 8 11 29 37 98 26 83 52 34 13 81 54 22 15 20 93 81 52 34 87 68 34 47 1 4 50 73 101 56 68 76 33 18 68 27 58 77 29 63 3 85 49 22 59 41 17 85 59 31 33 38 37 20 41 37 4 84 70 50 86 82 93 70 39 92 63 51 79 3 33 62 18 63 23 52 27 40 39 62 1 18 37 49 23 81 12 42 60 42 83 55 4 96 24 1 6 50 58 75 34 73 98 80 67 99 34 13 30 33 23 85 34 85 15 2 19 92 7
38 41 21 23 56 7 53 56 63 12 50 10 74 15 27 77 95 86 10 28 60 66 100 70 91 20 20 87 16 27 91 8 0 49 23 50 89 66 66 64 70 45 84 68 94 52 69 81 79 14 46 61 95 89 11 100 54 92 68 86 67 25 28 37 91 71 27 94 28 17 98 50 4 40 49 33 70 42 34 95 83 95 37 50 38 54 21 67 63 6 64 78 93 28 25 35 55 78 3 15 73 62 49 61 12 42 47 87 79 51 69 90 80 51 47 92 62 76 20 15 53 92 94 20 93 50 92 4 100 28 54 14 12 95 37 19 94 89 54 82 3 24 92 73 78 16 84 98 87 72
39 66 21 35 93 7 18 42 53 64 82 6 9 86 100 70 76 48 93 9 2 89 57 74 77 14 77 98 29 34 75 11 49 0 51 89 17 18 25 15 54 16 69 38 69 41 99 40 12 73 39 3 50 49 74 22 2 44 29 46 77 97 61 21 45 10 64 52 2 101 16 78 35 12 19 63 68 51 48 20 28 20 25 90 50 12 28 35 55 35 62 7 27 15 49 101 41 68 26 101 67 50 67 49 33 38 50 4 3 12 81 101 40 91 88 19 16 54 95 72 54 24 78 73 12 49 6 14 10 47 40 57 41 19 60 56 74 86 93 93 47 76 72 8 70 53 4 42 89 45
68 100 99 51 56 89 42 32 96 91 44 48 70 38 41 66 83 37 43 39 32 59 67 33 78 6 91 67 29 42 46 29 23 51 0 59 17 22 56 59 73 42 22 1 15 5 91 27 74 58 50 65 25 51 8 40 81 100 19 64 13 51 58 2 65 76 21 65 31 89 21 87 80 96 25 23 100 65 36 80 12 100 65 100 50 72 87 54 14 15 40 39 39 93 52 57 32 92 96 86 33 39 66 29 64 59 16 51 11 90 80 24 62 57 27 23 31 77 96 62 97 35 7 64 38 6 21 97 5 6 50 54 78 26 67 40 72 94 3 96 96 101 14 52 56 70 88 94 22 91
53 59 41 70 58 10 77 10 97 92 82 72 56 23 89 90 60 63 68 72 97 28 4 69 34 89 82 30 101 33 72 37 50 89 59 0 73 54 96 44 73 46 9 63 94 8 73 51 74 2 89 6 7 52 71 59 55 39 84 31 97 74 65 61 65 37 62 79 64 4 21 89 24 31 5 74 80 33 12 97 63 13 82 27 4 19 69 2 67 2 20 26 45 50 53 100 94 56 75 87 57 10 22 38 45 65 87 18 100 4 80 56 94 22 76 83 4 79 39 18 37 95 53 53 43 17 79 12 68 24 76 11 16 32 37 82 31 94 6 17 37 49 7 8 71 1 76 22 12 14
69 43 73 99 66 92 21 72 96 22 17 72 94 28 25 32 73 54 1 74 99 97 41 71 44 27 9 8 31 87 68 98 89 17 17 73 0 9 42 74 10 4 85 45 87 7 24 8 82 42 36 66 98 14 40 80 17 93 49 100 42 77 68 49 11 37 79 68 93 38 2 33 76 66 75 48 67 32 85 80 21 66 70 51 87 87 63 55 20 8 37 42 56 21 33 4 76 60 3 94 6 70 21 69 76 77 85 25 61 66 62 44 61 23 23 2 14 83 22 15 80 84 47 100 32 85 93 70 88 13 2 81 84 53 25 72 44 11 18 28 2 10 96 31 27 46 26 57 54 62
75 24 69 49 88 95 62 75 96 82 43 73 63 55 55 92 16 91 52 26 1 91 68 100 95 68 57 88 59 93 76 26 66 18 22 54 9 0 1 66 7 89 1 35 82 90 95 96 96 19 58 69 58 65 40 61 29 99 100 21 51 89 61 6 66 25 11 32 31 48 28 52 50 48 14 66 80 83 5 12 96 38 56 56 62 61 8 74 62 85 87 46 46 48 31 66 39 81 53 29 54 36 23 20 70 23 15 5 19 87 1 39 59 91 52 54 88 100 51 3 82 100 92 68 45 19 50 20 67 89 75 23 27 72 14 97 9 93 37 5 71 11 100 69 58 16 73 25 95 15
98 68 92 9 37 72 72 2 34 67 29 42 36 48 51 50 26 36 40 12 38 6 27 75 74 15 95 87 98 43 5 83 66 25 56 96 42 1 0 88 82 33 23 63 68 37 1 1 59 54 59 75 6 19 36 59 2 66 93 76 97 56 63 36 82 38 93 30 37 70 43 26 67 25 93 40 4 60 29 68 99 58 25 6 39 68 97 7 41 10 100 38 45 5 4 6 42 4 90 54 101 29 64 32 80 94 45 52 84 100 97 66 17 88 46 30 42 87 1 86 71 92 36 41 41 6 90 90 31 71 35 26 41 21 12 45 85 92 39 25 43 64 78 12 6 59 73 89 33 63
5 15 91 20 80 52 63 77 92 79 94 80 33 50 101 1 83 58 69 63 39 27 26 16 45 7 95 34 9 9 61 52 64 15 59 44 74 66 88 0 57 92 93 63 78 62 5 86 64 17 60 91 83 77 67 99 91 81 74 3 19 23 54 41 19 8 57 34 45 28 101 6 33 72 59 15 34 21 40 65 79 94 52 2 2 96 51 47 92 33 60 72 24 36 29 42 50 23 95 6 16 22 13 59 87 19 92 96 54 63 100 17 87 90 1 76 33 85 55 88 70 3 30 57 71 38 15 69 5 42 47 72 55 10 58 46 57 91 70 74 20 88 21 33 91 8 82 22 68 90
72 32 17 64 69 16 41 25 48 87 22 93 50 30 74 45 75 50 15 88 36 84 67 80 19 33 95 53 83 32 14 34 70 54 73 73 10 7 82 57 0 53 28 11 24 32 16 85 45 94 49 75 18 62 93 46 14 48 33 81 3 40 14 28 17 100 29 82 22 33 17 26 47 41 60 11 24 2 23 90 82 16 37 50 101 100 97 15 85 44 19 41 53 95 12 7 58 72 24 32 8 18 46 60 72 17 89 46 42 100 81 34 48 46 29 99 47 26 15 40 45 95 99 75 46 101 54 40 53 13 73 77 65 98 10 61 14 72 16 99 66 28 22 48 12 43 76 52 3 31
93 89 32 80 48 60 76 79 56 24 89 85 41 54 84 11 28 64 63 85 32 40 88 76 49 76 62 30 50 2 50 13 45 16 42 46 4 89 33 92 53 0 22 69 8 68 59 62 45 37 62 9 34 65 74 91 37 18 66 58 17 34 25 46 13 86 19 84 85 45 84 58 66 10 93 14 97 1 54 19 72 90 21 15 27 40 72 43 88 12 42 44 54 72 101 29 26 68 8 8 13 78 48 47 38 23 63 46 57 100 61 79 32 66 58 70 72 55 38 83 35 17 19 101 67 97 52 48 80 73 56 10 65 61 101 94 62 77 13 84 68 26 26 35 56 16 82 46 8 69
65 72 68 99 40 100 10 27 38 58 75 54 38 14 63 30 63 98 42 45 77 27 82 10 62 6 36 7 75 13 49 81 84 69 22 9 85 1 23 93 28 22 0 19 76 40 42 51 3 39 65 12 33 10 51 19 96 71 41 26 69 89 96 68 25 50 98 88 7 24 41 56 28 15 93 49 74 70 11 88 25 19 3 72 55 5 73 64 86 51 25 96 33 24 100 50 81 32 32 46 75 24 68 82 72 77 19 55 9 45 23 47 35 38 100 16 63 90 76 58 65 59 34 1 78 43 66 66 71 18 2 1 91 95 18 34 43 40 77 46 101 86 46 55 8 47 5 39 56 3
7 38 4 53 101 18 71 43 3 84 90 43 57 74 75 16 93 5 23 96 9 96 18 48 79 5 35 12 64 36 93 54 68 38 1 63 45 35 63 63 11 69 19 0 62 82 78 63 60 24 18 83 73 53 21 44 26 23 24 1 60 34 91 91 40 36 1 19 75 30 35 71 66 61 95 33 25 58 1 66 58 82 65 35 82 11 56 13 88 66 31 69 96 17 3 46 89 77 29 12 5 83 12 59 46 73 37 46 95 81 70 26 48 99 48 59 12 77 81 65 43 48 5 49 70 22 61 32 12 96 18 25 3 76 81 55 76 69 83 58 60 34 43 53 81 4 74 16 20 38
60 82 7 62 8 31 58 33 39 86 78 29 63 41 12 94 26 78 64 78 58 46 52 73 92 19 27 50 9 83 74 22 94 69 15 94 87 82 68 78 24 8 76 62 0 54 28 37 65 66 55 50 46 76 97 78 101 39 25 99 73 74 101 76 21 28 29 24 21 26 91 33 10 60 29 2 34 32 97 39 94 82 85 12 38 32 101 20 15 63 81 71 96 3 62 31 13 67 67 58 70 63 64 22 22 93 40 100 81 79 17 22 29 7 48 59 63 29 53 73 60 80 58 55 52 74 38 8 10 77 23 17 31 75 16 79 6 57 61 16 33 72 17 36 48 85 86 43 97 51
46 62 56 38 13 7 77 12 24 81 75 100 25 86 98 2 14 81 47 101 7 74 55 4 8 19 17 34 48 8 101 15 52 41 5 8 7 90 37 62 32 68 40 82 54 0 55 89 18 91 6 95 21 28 80 3 54 2 73 84 69 46 86 73 88 101 33 77 69 52 13 35 86 22 80 52 52 98 29 88 17 75 55 69 94 85 84 84 43 92 92 72 25 47 10 31 7 88 71 11 29 37 77 64 27 96 47 26 15 23 13 51 24 82 71 38 5 33 19 55 68 46 83 35 22 52 68 78 79 13 72 22 48 55 31 11 15 3 91 67 62 51 64 14 60 64 32 71 101 49
10 69 87 5 97 81 28 14 42 24 19 19 12 23 41 69 24 14 65 51 55 95 97 69 4 63 60 20 87 10 80 20 69 99 91 73 24 95 1 5 16 59 42 78 28 55 0 66 94 35 87 60 57 100 71 58 73 82 15 56 36 95 82 4 95 37 98 96 27 100 2 62 35 74 42 25 36 38 20 100 75 61 19 27 52 48 89 70 13 54 14 72 3 14 18 47 28 68 28 101 15 14 41 15 101 95 88 70 56 79 15 93 94 52 44 71 37 5 20 76 90 35 63 19 61 73 4 18 97 54 27 57 54 86 100 1 63 101 14 66 100 82 9 13 23 66 48 51 36 20
79 27 85 84 96 53 2 48 96 14 11 88 44 15 3 75 21 23 39 24 82 14 65 30 88 47 21 38 31 49 1 93 81 40 27 51 8 96 1 86 85 62 51 63 37 89 66 0 8 99 39 38 57 63 100 63 88 32 90 91 88 14 79 69 66 99 101 15 72 7 50 69 5 35 60 40 92 52 60 76 81 5 95 80 28 93 22 97 65 97 23 98 60 50 51 84 35 99 99 32 3 18 57 53 41 33 12 15 53 88 36 39 5 91 50 46 50 45 32 93 51 48 90 16 57 44 41 43 17 20 41 24 29 2 33 71 77 7 101 15 55 74 85 100 2 33 22 34 3 88
20 83 101 74 67 65 13 97 63 90 24 20 89 3 14 8 88 40 5 64 14 90 68 63 33 41 42 14 90 56 19 81 79 12 74 74 82 96 59 64 45 45 3 60 65 18 94 8 0 85 79 29 96 59 4 69 72 44 42 1 66 94 34 32 71 30 99 79 38 23 4 14 72 64 92 69 9 37 7 36 15 34 86 40 87 97 50 29 99 17 21 40 61 35 4 57 77 10 6 59 49 96 71 85 64 75 74 31 25 24 73 30 84 85 39 26 80 84 32 37 50 6 2 34 8 41 5 80 85 12 39 82 67 82 101 11 23 32 64 64 23 70 21 24 76 99 101 45 48 52
91 19 23 10 93 91 82 87 87 58 89 45 87 6 12 21 64 17 10 78 38 24 1 101 7 42 30 6 96 65 15 52 14 73 58 2 42 19 54 17 94 37 39 24 66 91 35 99 85 0 55 10 28 44 53 97 100 7 41 25 23 56 68 50 48 74 75 17 22 72 79 68 75 86 23 21 51 1 64 100 55 36 44 55 32 47 14 41 87 23 91 28 38 27 35 14 58 26 39 22 81 60 25 11 25 51 33 92 58 85 80 17 46 31 79 56 79 22 40 97 74 33 91 5 15 70 8 25 93 62 6 33 37 96 76 94 68 92 95 59 17 57 93 72 30 91 43 5 79 33
32 92 14 93 98 12 10 67 79 51 3 75 96 87 60 22 37 44 38 62 88 98 31 61 86 83 77 53 34 17 53 34 46 39 50 89 36 58 59 60 49 62 65 18 55 6 87 39 79 55 0 86 35 25 33 49 13 88 28 81 23 78 87 82 19 47 78 12 76 65 70 28 48 79 68 97 8 25 58 50 42 100 65 85 89 94 13 42 40 100 20 25 13 47 93 49 84 4 78 46 15 89 9 101 89 37 45 53 72 2 93 45 30 73 85 56 34 95 28 69 44 35 24 16 63 86 60 73 95 92 99 101 87 49 90 93 54 22 83 86 81 17 76 10 99 41 96 71 55 71
85 15 20 38 57 49 24 80 98 30 82 30 42 5 83 61 19 45 53 77 42 5 96 30 82 6 81 33 42 97 24 87 61 3 65 6 66 69 75 91 75 9 12 83 50 95 60 38 29 10 86 0 29 82 37 50 78 89 3 84 48 16 10 45 94 13 5 21 36 92 96 45 60 80 28 94 29 14 42 80 6 83 73 26 4 54 13 92 33 91 6 84 25 72 17 29 98 85 38 90 87 72 18 52 19 54 77 22 37 40 13 91 80 2 28 66 56 31 27 81 88 27 41 66 21 42 44 6 25 44 34 84 52 89 60 78 65 78 45 49 22 41 3 49 60 76 41 51 7 13
51 60 30 100 89 13 54 24 72 93 9 95 1 39 82 71 33 52 35 41 26 8 19 69 54 15 92 7 47 9 43 68 95 50 25 7 98 58 6 83 18 34 33 73 46 21 57 57 96 28 35 29 0 40 84 71 48 22 17 11 66 49 52 8 43 14 11 66 57 8 25 38 35 64 50 39 11 79 28 43 48 87 11 43 37 85 99 6 48 34 13 72 78 79 63 3 53 57 95 27 52 38 52 18 9 93 75 7 80 92 59 93 8 97 49 94 54 71 71 93 38 68 75 83 91 59 42 83 72 33 61 47 17 94 77 47 81 58 20 71 69 8 13 60 46 4 89 75 63 36
66 88 2 47 61 21 68 1 54 90 84 16 32 92 99 2 64 75 47 77 5 87 34 101 89 68 54 69 55 83 13 34 89 49 51 52 14 65 19 77 62 65 10 53 76 28 100 63 59 44 25 82 40 0 96 77 1 76 11 20 100 51 43 38 83 3 44 57 58 46 79 64 75 23 33 64 96 31 93 101 25 94 88 10 10 62 49 71 76 92 85 60 72 33 7 59 16 69 16 13 1 40 70 14 101 66 25 1 13 67 39 69 72 57 87 61 81 34 25 21 64 17 96 86 84 55 65 83 46 40 64 99 20 63 66 11 87 12 11 16 80 59 12 67 45 26 49 37 42 46
79 20 94 51 52 95 72 68 51 87 46 54 53 50 10 47 86 45 81 81 51 50 27 49 76 10 27 80 4 82 45 47 11 74 8 71 40 40 36 67 93 74 51 21 97 80 71 100 4 53 33 37 84 96 0 85 76 5 48 18 85 96 65 96 77 9 87 76 65 86 17 11 50 64 11 74 34 90 52 72 21 22 19 43 35 58 17 19 101 44 101 11 32 70 69 54 17 41 53 51 53 23 29 52 52 79 74 75 25 39 99 72 69 69 13 12 9 12 16 92 92 62 72 39 99 48 78 57 9 46 68 53 63 69 70 75 43 16 36 4 40 41 27 67 11 25 27 99 18 71
1 77 6 9 57 25 21 71 78 50 44 24 12 45 99 60 54 94 1 25 68 91 81 23 51 20 63 17 88 88 93 1 100 22 40 59 80 61 59 99 46 91 19 44 78 3 58 63 69 97 49 50 71 77 85 0 30 12 97 4 68 94 91 14 45 47 96 38 49 86 24 99 60 69 36 49 19 51 89 26 39 4 87 54 76 50 1 4 32 49 19 96 14 85 80 12 7 29 1 79 45 21 83 85 12 67 37 18 69 85 14 90 36 17 96 71 12 90 27 11 53 27 74 100 38 5 30 96 84 19 49 35 42 78 16 87 84 9 72 31 43 66 62 25 40 40 54 37 48 68
76 53 16 68 35 99 37 32 100 64 28 50 10 6 2 71 58 55 1 70 66 30 75 99 96 44 88 47 54 39 87 4 54 2 81 55 17 29 2 91 14 37 96 26 101 54 73 88 72 100 13 78 48 1 76 30 0 9 83 1 35 21 15 2 15 6 70 57 62 26 35 87 60 24 71 91 73 3 74 85 70 63 52 44 17 86 42 64 26 30 11 59 9 55 81 42 66 98 21 1 2 64 67 98 100 24 27 73 95 27 99 98 35 22 42 38 10 83 73 15 46 20 66 8 52 16 89 1 82 68 13 80 37 47 85 79 17 91 35 2 26 59 57 50 11 6 32 13 84 74
50 64 83 31 15 56 64 20 3 7 101 37 94 100 71 75 61 66 14 31 23 64 66 53 21 77 24 2 35 52 88 50 92 44 100 39 93 99 66 81 48 18 71 23 39 2 82 32 44 7 88 89 22 76 5 12 9 0 23 82 31 34 57 43 61 69 4 97 96 100 51 32 18 74 42 45 45 15 100 21 81 5 30 77 18 32 6 47 97 10 49 90 79 83 33 50 87 13 79 83 51 44 11 88 60 82 99 23 94 68 29 75 64 28 95 24 74 66 28 53 79 52 79 12 68 61 98 95 74 50 64 19 60 99 55 101 92 23 54 19 23 81 82 9 93 24 15 89 12 21
31 58 6 79 45 50 79 62 16 70 51 8 87 42 78 48 78 35 65 4 55 76 98 71 51 39 1 3 5 55 32 73 68 29 19 84 49 100 93 74 33 66 41 24 25 73 15 90 42 41 28 3 17 11 48 97 83 23 0 4 41 17 54 45 4 6 22 69 46 38 59 14 8 35 14 31 96 37 10 42 22 100 51 13 87 8 18 64 68 10 1 92 13 101 22 26 95 46 12 43 52 41 38 89 87 47 17 3 58 95 26 48 73 14 14 11 100 18 72 55 48 34 55 101 30 56 41 67 67 27 44 95 5 53 61 71 18 92 73 76 80 13 32 56 64 74 71 20 59 3
45 9 69 11 99 22 92 76 99 84 82 57 62 23 70 40 53 72 64 19 5 29 100 13 32 79 79 45 64 12 73 101 86 46 64 31 100 21 76 3 81 58 26 1 99 84 56 91 1 25 81 84 11 20 18 4 1 82 4 0 33 30 29 81 36 51 82 60 36 63 2 83 78 78 49 76 92 4 13 29 49 81 1 13 100 75 7 53 11 90 11 1 99 74 86 59 43 94 10 89 77 85 23 71 29 63 93 94 87 33 68 42 88 24 32 40 96 41 46 22 33 29 20 80 40 24 56 57 5 61 96 9 57 80 26 10 72 32 22 27 8 15 67 33 1 59 58 62 2 60
67 23 67 28 4 16 15 91 5 8 34 98 35 79 72 77 42 98 45 23 41 33 91 66 57 69 77 36 59 14 64 56 67 77 13 97 42 51 97 19 3 17 69 60 73 69 36 88 66 23 23 48 66 100 85 68 35 31 41 33 0 82 11 4 73 93 11 90 22 22 10 47 52 59 20 77 91 59 86 66 98 64 91 1 81 48 47 66 56 6 64 21 59 61 101 48 51 5 73 62 88 82 17 63 86 20 95 62 26 52 42 46 52 65 24 2 81 28 36 61 63 24 24 95 63 65 49 17 63 100 60 62 40 16 48 52 88 34 36 81 75 75 2 52 100 15 34 60 27 34
91 4 35 29 30 85 91 72 43 46 58 77 15 33 57 71 33 57 89 96 91 5 21 55 8 84 80 24 27 37 37 68 25 97 51 74 77 89 56 23 40 34 89 34 74 46 95 14 94 56 78 16 49 51 96 94 21 34 17 30 82 0 67 82 97 98 89 42 84 3 88 47 65 85 57 18 58 27 35 21 42 41 41 101 72 89 58 55 86 52 14 70 48 45 61 27 8 5 95 61 18 69 9 10 51 78 41 57 79 58 38 63 68 60 39 33 100 38 79 49 60 53 55 12 34 25 51 75 29 69 17 4 37 79 53 40 22 98 88 48 11 3 25 69 8 1 33 54 8 31
75 5 44 47 12 73 50 20 15 17 47 89 1 94 1 38 91 73 97 85 60 51 78 39 73 18 16 94 76 48 5 76 28 61 58 65 68 61 63 54 14 25 96 91 101 86 82 79 34 68 87 10 52 43 65 91 15 57 54 29 11 67 0 28 80 93 88 60 11 35 47 66 83 78 14 66 74 67 54 22 90 97 88 37 64 37 76 53 26 3 59 14 38 8 82 77 99 84 65 16 27 92 77 27 99 60 66 9 83 60 36 42 97 5 32 83 6 55 59 22 95 25 74 20 71 28 46 23 101 52 26 4 15 65 4 7 60 70 54 98 49 91 11 3 38 57 71 43 5 70
49 20 70 80 77 53 7 87 94 17 23 51 73 36 10 95 56 70 53 79 9 14 17 73 45 9 76 65 59 30 23 33 37 21 2 61 49 6 36 41 28 46 68 91 76 73 4 69 32 50 82 45 8 38 96 14 2 43 45 81 4 82 28 0 3 1 81 48 95 11 18 21 88 26 39 90 56 55 17 70 3 70 39 95 18 49 53 98 97 98 59 3 48 69 22 45 82 33 32 40 43 30 39 72 33 39 48 49 82 50 19 28 48 99 58 41 47 97 26 30 43 72 38 25 32 38 32 94 76 69 70 84 61 53 40 4 23 38 70 69 33 96 10 71 34 21 89 68 7 63
53 30 99 71 57 59 39 44 25 33 63 68 100 40 61 13 99 79 61 33 51 90 101 101 50 59 35 69 65 7 37 18 91 45 65 65 11 66 82 19 17 13 25 40 21 88 95 66 71 48 19 94 43 83 77 45 15 61 4 36 73 97 80 3 0 3 99 94 2 66 8 30 16 91 68 73 28 54 80 88 58 32 35 2 13 91 100 81 69 49 35 56 76 77 40 66 71 62 47 70 61 58 18 2 86 42 99 6 10 52 97 8 78 35 22 68 96 36 66 83 33 52 33 23 13 32 19 52 74 80 28 24 37 68 92 1 46 5 72 90 30 88 20 87 79 30 84 101 67 53
101 84 79 64 40 94 88 44 68 82 50 61 22 60 81 101 86 7 70 77 67 76 35 17 66 5 8 22 86 59 5 68 71 10 76 37 37 25 38 8 100 86 50 36 28 101 37 99 30 74 47 13 14 3 9 47 6 69 6 51 93 98 93 1 3 0 41 82 57 12 32 45 78 44 57 60 25 77 10 31 64 12 29 80 94 74 58 30 68 24 22 70 76 59 68 28 26 29 57 39 23 34 44 8 99 69 18 94 27 28 17 58 38 100 27 83 28 78 76 22 92 89 20 24 17 17 36 62 7 21 14 20 42 18 57 45 58 72 101 47 74 65 77 9 63 77 27 96 49 23
42 39 37 47 11 82 54 86 21 24 22 52 44 98 29 88 40 81 49 8 74 90 17 60 97 13 76 17 58 94 12 27 27 64 21 62 79 11 93 57 29 19 98 1 29 33 98 101 99 75 78 5 11 44 87 96 70 4 22 82 11 89 88 81 99 41 0 26 66 15 2 20 93 88 61 25 69 26 16 27 7 57 71 31 26 11 22 55 81 99 25 61 69 77 1 43 3 7 87 24 73 80 50 38 28 43 71 75 35 27 25 90 35 41 33 58 84 52 94 10 47 2 89 62 100 97 70 48 19 35 43 101 1 67 96 38 80 45 17 99 64 54 77 24 78 31 98 38 23 16
74 47 3 66 17 57 27 30 50 90 25 87 11 62 45 92 56 62 20 90 74 74 4 9 81 101 78 37 93 14 77 58 94 52 65 79 68 32 30 34 82 84 88 19 24 77 96 15 79 17 12 21 66 57 76 38 57 97 69 60 90 42 60 48 94 82 26 0 78 44 78 56 6 44 50 76 41 63 83 69 16 96 72 61 21 86 71 75 55 16 58 94 99 49 75 19 96 7 16 6 47 44 64 91 87 32 12 67 50 85 8 83 86 51 73 90 62 33 84 56 92 10 59 2 53 58 81 36 72 8 33 83 27 101 73 50 71 48 46 41 18 62 22 24 17 89 17 93 3 88
87 3 70 13 58 74 54 47 9 34 87 4 44 33 72 51 72 53 76 31 65 56 83 4 92 91 75 50 60 85 39 77 28 2 31 64 93 31 37 45 22 85 7 75 21 69 27 72 38 22 76 36 57 58 65 49 62 96 46 36 22 84 11 95 2 57 66 78 0 40 89 27 42 61 17 62 69 33 14 28 81 21 92 24 66 98 95 45 87 21 51 49 75 100 74 98 95 42 26 97 17 62 58 98 62 4 58 63 13 4 22 3 47 6 28 26 4 22 22 31 69 15 79 57 14 68 89 12 54 73 32 28 74 72 14 3 38 94 31 86 99 23 32 8 88 70 8 1 51 57
77 49 90 78 41 46 18 47 2 8 99 29 52 33 97 67 16 62 95 42 13 41 9 73 26 96 22 74 81 1 80 29 17 101 89 4 38 48 70 28 33 45 24 30 26 52 100 7 23 72 65 92 8 46 86 86 26 100 38 63 22 3 35 11 66 12 15 44 40 0 30 44 87 94 29 62 86 68 51 74 46 70 23 28 89 76 2 35 8 88 73 24 12 96 24 37 25 100 78 49 17 2 84 40 31 5 69 27 49 19 90 95 61 42 100 64 83 25 91 37 75 99 37 85 89 91 3 6 35 17 77 58 46 67 26 34 9 36 55 54 29 63 83 72 51 28 34 24 1 52
67 48 57 14 7 38 5 81 97 52 57 33 50 63 22 33 59 17 56 73 95 3 8 76 87 90 22 55 93 36 89 63 98 16 21 21 2 28 43 101 17 84 41 35 91 13 2 50 4 79 70 96 25 79 17 24 35 51 59 2 10 88 47 18 8 32 2 78 89 30 0 68 39 12 53 88 52 26 55 7 44 62 46 24 25 45 10 24 35 83 57 59 88 51 49 85 34 32 24 21 25 49 32 52 30 70 48 97 41 62 52 41 12 31 41 16 37 3 98 49 46 82 39 4 52 52 26 66 73 8 5 37 51 69 43 30 101 98 50 99 20 14 63 18 79 13 82 14 1 62
93 39 39 83 5 8 3 84 88 67 63 39 41 98 83 63 10 36 78 73 22 28 31 65 59 67 88 13 19 48 14 3 50 78 87 89 33 52 26 6 26 58 56 71 33 35 62 69 14 68 28 45 38 64 11 99 87 32 14 83 47 47 66 21 30 45 20 56 27 44 68 0 3 78 62 62 75 30 5 84 20 96 53 29 53 51 47 58 2 35 17 92 28 47 62 81 35 67 68 89 15 28 96 9 23 86 76 75 66 73 42 76 28 82 8 99 72 70 86 41 79 40 38 83 48 79 21 86 13 18 75 36 29 29 94 44 80 13 6 90 51 33 3 44 13 75 78 33 80 14
98 78 39 32 91 39 12 97 41 17 12 51 85 15 95 28 74 49 98 74 39 64 71 28 35 72 4 11 11 96 18 85 4 35 80 24 76 50 67 33 47 66 28 66 10 86 35 5 72 75 48 60 35 75 50 60 60 18 8 78 52 65 83 88 16 78 93 6 42 87 39 3 0 71 94 2 4 53 10 93 54 96 100 99 75 77 58 13 85 12 68 66 54 37 68 83 94 50 9 94 1 41 85 11 87 48 2 5 69 24 11 84 21 51 54 22 66 19 53 4 33 39 74 73 43 90 81 15 98 19 47 69 24 39 56 60 12 69 24 88 2 98 48 6 21 53 67 76 3 38
53 73 13 48 72 28 43 52 85 49 81 23 29 89 77 86 53 64 77 62 16 2 45 68 18 86 77 48 36 55 35 49 40 12 96 31 66 48 25 72 41 10 15 61 60 22 74 35 64 86 79 80 64 23 64 69 24 74 35 78 59 85 78 26 91 44 88 44 61 94 12 78 71 0 21 50 53 67 60 28 100 91 91 36 95 13 26 88 6 67 68 79 78 90 80 61 16 68 41 32 50 92 56 43 24 1 17 24 38 65 37 27 54 71 34 4 55 35 64 42 28 85 37 26 89 6 92 11 59 30 43 67 10 47 11 51 51 41 78 61 95 98 82 56 65 45 97 27 8 31
51 71 83 82 61 90 24 80 60 28 23 88 73 3 27 23 64 58 28 84 77 88 82 26 100 6 86 8 60 4 22 22 49 19 25 5 75 14 93 59 60 93 93 95 29 80 42 60 92 23 68 28 50 33 11 36 71 42 14 49 20 57 14 39 68 57 61 50 17 29 53 62 94 21 0 46 27 50 49 43 36 76 69 32 88 89 84 80 80 42 15 2 79 83 96 30 40 67 61 15 39 14 13 24 52 24 45 7 56 72 51 60 49 74 74 86 14 49 64 7 99 18 22 23 88 39 23 38 70 100 13 44 42 68 35 3 58 97 35 75 64 8 79 17 90 18 100 98 38 74
58 33 1 98 69 39 4 62 56 49 69 94 17 87 18 41 66 97 25 40 62 94 84 101 43 52 16 2 61 22 36 59 33 63 23 74 48 66 40 15 11 14 49 33 2 52 25 40 69 21 97 94 39 64 74 49 91 45 31 76 77 18 66 90 73 60 25 76 62 62 88 62 2 50 46 0 88 40 76 81 73 64 57 25 74 36 80 58 76 96 101 15 82 78 63 16 56 100 93 82 52 67 48 61 10 51 84 82 17 83 37 39 53 13 42 53 81 77 57 8 8 7 93 81 97 46 77 78 30 10 95 20 85 83 53 15 46 95 33 89 75 90 79 52 22 27 101 33 61 29
28 86 81 20 20 4 7 19 1 71 16 78 10 31 35 67 44 9 35 95 46 48 98 37 86 54 78 25 38 99 35 41 70 68 100 80 67 80 4 34 24 97 74 25 34 52 36 92 9 51 8 29 11 96 34 19 73 45 96 92 91 58 74 56 28 25 69 41 69 86 52 75 4 53 27 88 0 30 99 99 35 2 25 3 56 46 96 3 62 53 53 84 10 62 52 6 100 31 93 55 58 70 61 79 55 58 80 6 42 2 86 3 4 20 93 48 22 17 29 98 101 15 94 6 5 27 37 25 78 86 77 3 48 15 70 53 28 6 45 48 101 49 72 52 31 75 25 79 78 76
86 54 32 13 54 80 51 48 89 64 4 96 22 43 79 31 88 8 67 58 18 26 1 26 4 11 56 77 27 11 60 17 42 51 65 33 32 83 60 21 2 1 70 58 32 98 38 52 37 1 25 14 79 31 90 51 3 15 37 4 59 27 67 55 54 77 26 63 33 68 26 30 53 67 50 40 30 0 47 38 65 2 52 71 61 98 84 63 35 62 68 32 71 46 74 46 76 87 4 32 8 90 88 101 92 3 92 68 81 31 49 76 4 71 27 68 1 8 53 63 34 76 32 11 85 18 18 1 45 57 12 60 14 2 9 55 9 75 40 53 72 96 3 92 46 86 80 10 23 67
98 8 75 68 73 79 11 31 52 91 44 28 58 67 38 86 95 12 68 31 55 66 18 11 29 59 22 13 17 64 62 85 34 48 36 12 85 5 29 40 23 54 11 1 97 29 20 60 7 64 58 42 28 93 52 89 74 100 10 13 86 35 54 17 80 10 16 83 14 51 55 5 10 60 49 76 99 47 0 9 60 80 74 22 82 64 6 77 23 24 100 11 13 29 82 48 51 14 42 21 56 4 84 56 46 29 26 51 60 84 66 101 93 93 80 82 39 52 9 52 92 31 94 98 16 26 60 32 29 52 23 18 53 64 93 59 3 30 18 19 8 54 2 98 1 18 3 39 23 10
70 76 10 100 26 23 84 89 13 86 74 20 72 75 93 38 58 2 69 69 84 41 75 65 77 89 63 66 2 55 8 59 95 20 80 97 80 12 68 65 90 19 88 66 39 88 100 76 36 100 50 80 43 101 72 26 85 21 42 29 66 21 22 70 88 31 27 69 28 74 7 84 93 28 43 81 99 38 9 0 51 86 75 13 86 60 43 55 20 68 43 54 1 35 73 34 47 25 18 15 18 60 65 15 20 24 47 20 41 61 30 85 63 40 71 70 69 62 24 39 62 12 22 100 92 5 35 37 90 29 19 79 84 98 80 22 7 29 52 57 54 99 60 53 70 87 81 52 62 23
24 37 6 7 55 51 31 35 27 66 88 78 63 37 28 21 97 78 75 47 7 60 1 61 36 37 82 35 85 37 80 31 83 28 12 63 21 96 99 79 82 72 25 58 94 17 75 81 15 55 42 6 48 25 21 39 70 81 22 49 98 42 90 3 58 64 7 16 81 46 44 20 54 100 36 73 35 65 60 51 0 37 91 5 17 53 22 87 23 84 24 96 46 31 81 48 46 38 100 60 2 29 94 73 20 11 11 39 4 96 28 95 70 16 42 54 34 66 35 34 12 67 61 2 6 69 47 28 54 79 59 63 57 89 31 63 74 45 31 89 3 23 49 85 26 37 30 44 19 26
81 83 87 46 61 13 34 85 57 77 100 86 3 93 14 76 64 31 83 32 42 91 3 27 98 14 39 36 26 64 6 33 95 20 100 13 66 38 58 94 16 90 19 82 82 75 61 5 34 36 100 83 87 94 22 4 63 5 100 81 64 41 97 70 32 12 57 96 21 70 62 96 96 91 76 64 2 2 80 86 37 0 9 98 15 73 6 70 37 29 97 92 51 25 98 1 17 49 17 18 89 55 35 21 9 20 85 42 69 72 97 19 97 43 26 14 2 14 86 86 13 32 78 94 98 65 85 37 60 35 17 53 32 66 29 56 60 64 40 63 23 30 17 87 26 17 28 63 48 65
53 37 66 85 3 87 2 47 19 55 18 89 58 80 3 66 17 66 22 33 53 73 17 78 11 5 19 7 49 53 63 38 37 25 65 82 70 56 25 52 37 21 3 65 85 55 19 95 86 44 65 73 11 88 19 87 52 30 51 1 91 41 88 39 35 29 71 72 92 23 46 53 100 91 69 57 25 52 74 75 91 9 0 35 32 60 58 55 38 47 6 46 86 86 38 59 63 66 80 98 22 37 26 97 67 97 21 59 81 43 31 25 85 67 45 70 78 44 97 7 11 101 12 91 20 52 41 23 67 59 56 35 48 101 2 64 4 68 35 78 96 57 14 23 37 42 34 69 52 27
61 86 13 70 11 92 8 44 72 10 25 37 31 59 79 40 52 77 41 56 53 50 52 96 73 81 20 89 43 101 14 37 50 90 100 27 51 56 6 2 50 15 72 35 12 69 27 80 40 55 85 26 43 10 43 54 44 77 13 13 1 101 37 95 2 80 31 61 24 28 24 29 99 36 32 25 3 71 22 13 5 98 35 0 39 10 99 43 22 21 21 64 92 39 11 78 7 44 44 70 82 67 5 18 22 43 88 71 27 32 48 65 23 29 75 100 21 63 83 5 94 1 70 34 56 24 99 69 85 52 45 67 86 33 14 7 4 48 56 13 14 101 26 21 15 79 34 36 5 33
21 32 36 2 52 49 97 86 77 52 47 76 66 53 59 97 48 61 10 73 66 32 35 13 72 25 60 51 100 69 92 20 38 50 50 4 87 62 39 2 101 27 55 82 38 94 52 28 87 32 89 4 37 10 35 76 17 18 87 100 81 72 64 18 13 94 26 21 66 89 25 53 75 95 88 74 56 61 82 86 17 15 32 39 0 64 63 59 11 11 40 98 50 98 37 7 61 45 39 7 33 78 42 43 7 27 7 98 35 71 91 84 86 67 48 85 16 86 26 67 24 82 77 23 67 71 47 6 60 20 97 52 21 99 32 36 85 81 28 4 13 77 73 81 87 62 86 101 79 12
64 72 90 34 11 86 55 32 89 28 14 31 74 88 7 63 91 76 9 23 81 54 54 71 31 80 30 53 34 49 50 41 54 12 72 19 87 61 68 96 100 40 5 11 32 85 48 93 97 47 94 54 85 62 58 50 86 32 8 75 48 89 37 49 91 74 11 86 98 76 45 51 77 13 89 36 46 98 64 60 53 73 60 10 64 0 61 44 95 85 52 49 62 56 38 85 26 18 83 34 4 11 45 91 35 91 91 25 68 7 53 30 6 86 58 99 89 58 62 92 18 18 24 37 21 57 17 83 65 24 61 8 39 45 10 46 94 5 66 40 31 43 63 6 13 10 101 76 62 3
59 6 30 66 74 46 4 17 55 12 55 3 72 25 56 96 13 18 18 92 16 12 36 31 86 15 94 51 31 13 94 37 21 28 87 69 63 8 97 51 97 72 73 56 101 84 89 22 50 14 13 13 99 49 17 1 42 6 18 7 47 58 76 53 100 58 22 71 95 2 10 47 58 26 84 80 96 84 6 43 22 6 58 99 63 61 0 25 59 18 58 55 40 49 14 30 15 57 30 59 61 82 34 5 54 63 86 90 92 15 59 52 38 29 32 77 1 66 24 101 6 30 42 48 30 62 32 72 47 87 4 44 33 76 48 86 30 77 30 40 84 21 27 8 33 77 53 49 76 34
62 7 100 85 99 6 45 20 90 100 80 36 67 67 33 89 40 54 87 28 94 63 2 58 33 69 45 12 52 97 23 4 67 35 54 2 55 74 7 47 15 43 64 13 20 84 70 97 29 41 42 92 6 71 19 4 64 47 64 53 66 55 53 98 81 30 55 75 45 35 24 58 13 88 80 58 3 63 77 55 87 70 55 43 59 44 25 0 33 87 62 4 60 38 5 3 51 36 88 40 8 50 72 25 86 54 86 7 58 32 22 59 60 31 15 16 96 11 4 89 81 87 100 80 61 67 74 69 78 87 61 19 36 42 73 28 12 84 77 46 56 18 77 10 35 54 89 95 65 45
55 60 16 11 82 27 34 44 58 79 86 26 24 95 16 73 23 66 49 79 92 48 5 68 18 30 14 1 65 60 12 84 63 55 14 67 20 62 41 92 85 88 86 88 15 43 13 65 99 87 40 33 48 76 101 32 26 97 68 11 56 86 26 97 69 68 81 55 87 8 35 2 85 6 80 76 62 35 23 20 23 37 38 22 11 95 59 33 0 46 21 32 11 40 96 83 95 73 35 41 31 16 34 49 63 51 22 82 38 73 39 49 1 21 27 64 9 20 97 28 43 56 55 96 73 9 41 59 8 46 62 1 57 90 74 77 94 32 62 20 58 72 2 68 89 42 40 76 88 94
30 15 59 66 14 94 48 25 8 23 83 4 101 95 88 90 100 71 37 17 30 33 88 66 23 61 85 50 66 83 14 70 6 35 15 2 8 85 10 33 44 12 51 66 63 92 54 97 17 23 100 91 34 92 44 49 30 10 10 90 6 52 3 98 49 24 99 16 21 88 83 35 12 67 42 96 53 62 24 68 84 29 47 21 11 85 18 87 46 0 49 40 59 94 65 8 89 87 44 39 3 51 84 56 68 76 76 39 32 36 40 62 78 15 2 38 78 46 40 68 75 84 55 87 86 3 59 66 101 67 89 99 63 67 12 26 57 68 63 30 65 35 90 54 18 34 71 3 100 94
101 99 68 11 9 65 33 19 22 1 8 74 83 42 81 57 10 29 69 54 25 3 28 65 100 48 31 29 99 101 94 50 64 62 40 20 37 87 100 60 19 42 25 31 81 92 14 23 21 91 20 6 13 85 101 19 11 49 1 11 64 14 59 59 35 22 25 58 51 73 57 17 68 68 15 101 53 68 100 43 24 97 6 21 40 52 58 62 21 49 0 29 26 91 25 30 99 23 86 28 71 14 86 96 30 56 10 21 17 91 12 84 15 20 78 26 52 27 40 86 22 32 72 93 8 100 46 64 21 67 36 16 83 20 50 81 91 65 84 8 46 57 14 27 68 79 24 36 86 10
48 100 83 87 101 13 86 36 24 29 82 100 8 18 15 10 73 82 51 15 14 55 25 32 5 65 91 50 88 9 67 86 78 7 39 26 42 46 38 72 41 44 96 69 71 72 72 98 40 28 25 84 72 60 11 96 59 90 92 1 21 70 14 3 56 70 61 94 49 24 59 92 66 79 2 15 84 32 11 54 96 92 46 64 98 49 55 4 32 40 29 0 27 51 24 78 20 4 81 11 45 97 84 69 5 92 6 73 82 75 63 43 40 3 101 63 4 63 1 24 76 96 19 49 93 90 61 36 52 21 9 40 54 91 8 64 76 37 51 34 20 27 31 64 41 18 49 81 49 85
31 84 17 97 5 79 36 57 79 17 80 79 40 50 85 69 4 64 35 58 39 38 100 39 59 89 94 71 51 2 33 82 93 27 39 45 56 46 45 24 53 54 33 96 96 25 3 60 61 38 13 25 78 72 32 14 9 79 13 99 59 48 38 48 76 76 69 99 75 12 88 28 54 78 79 82 10 71 13 1 46 51 86 92 50 62 40 60 11 59 26 27 0 13 100 2 90 25 73 11 100 17 15 49 56 13 60 88 82 16 33 22 91 68 49 77 92 38 72 97 38 90 79 17 42 51 2 22 82 30 81 28 43 45 65 2 8 57 17 99 85 98 60 4 40 65 94 99 93 74
18 44 32 64 84 22 78 64 82 91 47 12 66 25 73 79 35 39 37 10 17 54 94 32 25 61 30 63 58 32 11 93 28 15 93 50 21 48 5 36 95 72 24 17 3 47 14 50 35 27 47 72 79 33 70 85 55 83 101 74 61 45 8 69 77 59 77 49 100 96 51 47 37 90 83 78 62 46 29 35 31 25 86 39 98 56 49 38 40 94 91 51 13 0 94 63 29 10 94 25 18 55 36 46 73 69 3 96 67 40 61 12 23 64 80 27 33 99 44 4 97 50 8 57 28 24 5 75 57 17 97 15 93 24 38 91 81 43 91 39 94 44 41 41 60 36 4 94 59 26
82 66 63 87 55 22 67 65 100 96 92 75 55 57 85 91 57 37 52 49 36 16 6 17 65 98 57 10 93 22 74 70 25 49 52 53 33 31 4 29 12 101 100 3 62 10 18 51 4 35 93 17 63 7 69 80 81 33 22 86 101 61 82 22 40 68 1 75 74 24 49 62 68 80 96 63 52 74 82 73 81 98 38 11 37 38 14 5 96 65 25 24 100 94 0 19 36 58 55 96 36 82 76 71 59 41 23 89 88 71 92 80 2 11 21 15 82 91 35 8 86 2 50 52 47 48 50 5 4 48 53 78 13 60 18 64 57 49 37 92 78 84 19 22 43 13 75 5 90 11
83 49 37 13 4 67 31 60 36 84 2 38 44 98 75 15 10 20 13 44 43 67 7 16 74 30 53 18 53 68 18 39 35 101 57 100 4 66 6 42 7 29 50 46 31 31 47 84 57 14 49 29 3 59 54 12 42 50 26 59 48 27 77 45 66 28 43 19 98 37 85 81 83 61 30 16 6 46 48 34 48 1 59 78 7 85 30 3 83 8 30 78 2 63 19 0 3 25 36 67 51 78 41 85 85 25 31 66 46 6 81 46 1 58 86 34 97 17 86 21 63 24 51 69 35 24 74 81 64 45 3 98 21 86 29 13 68 37 3 47 61 1 25 38 17 44 39 77 19 47
8 63 53 41 9 64 56 37 81 38 37 51 11 11 91 15 13 87 62 42 65 62 84 27 75 100 86 93 19 88 49 92 55 41 32 94 76 39 42 50 58 26 81 89 13 7 28 35 77 58 84 98 53 16 17 7 66 87 95 43 51 8 99 82 71 26 3 96 95 25 34 35 94 16 40 56 100 76 51 47 46 17 63 7 61 26 15 51 95 89 99 20 90 29 36 3 0 96 2 81 48 25 22 35 8 19 33 95 32 71 85 77 97 80 81 87 38 77 1 41 68 58 69 73 16 82 94 97 60 94 98 38 74 81 23 82 31 19 43 80 82 70 34 45 2 57 75 26 95 48
100 23 35 5 37 51 97 84 10 34 35 98 59 3 22 91 16 92 26 71 28 99 101 25 10 3 97 80 45 81 55 63 78 68 92 56 60 81 4 23 72 68 32 77 67 88 68 99 10 26 4 85 57 69 41 29 98 13 46 94 5 5 84 33 62 29 7 7 42 100 32 67 50 68 67 100 31 87 14 25 38 49 66 44 45 18 57 36 73 87 23 4 25 10 58 25 96 0 15 90 38 19 36 100 69 77 52 19 20 57 35 26 88 66 39 65 94 11 23 90 63 53 1 26 77 95 68 93 2 48 33 51 65 42 27 76 71 16 17 48 13 68 20 80 98 58 3 17 7 60
94 77 79 75 81 94 21 6 61 86 30 90 6 93 42 29 92 67 33 2 19 41 63 47 68 98 89 76 100 86 26 51 3 26 96 75 3 53 90 95 24 8 32 29 67 71 28 99 6 39 78 38 95 16 53 1 21 79 12 10 73 95 65 32 47 57 87 16 26 78 24 68 9 41 61 93 93 4 42 18 100 17 80 44 39 83 30 88 35 44 86 81 73 94 55 36 2 15 0 80 19 90 84 10 98 53 5 15 98 38 92 85 61 42 76 19 64 97 73 10 1 34 28 65 62 95 96 101 25 52 12 11 77 94 45 98 79 58 90 65 38 38 32 27 54 96 100 63 52 33
28 43 91 80 84 73 3 21 57 18 2 34 53 58 21 93 31 83 73 18 86 69 3 37 73 41 14 6 43 86 59 79 15 101 86 87 94 29 54 6 32 8 46 12 58 11 101 32 59 22 46 90 27 13 51 79 1 83 43 89 62 61 16 40 70 39 24 6 97 49 21 89 94 32 15 82 55 32 21 15 60 18 98 70 7 34 59 40 41 39 28 11 11 25 96 67 81 90 80 0 5 85 78 21 52 57 91 57 24 26 7 96 51 44 44 63 91 60 71 24 27 74 75 90 99 87 61 30 75 44 28 61 83 51 94 68 66 81 51 65 66 42 49 36 3 69 100 87 6 71
33 2 35 27 34 86 9 46 39 26 35 68 4 33 89 53 62 81 35 29 64 89 31 80 3 1 90 63 19 66 101 3 73 67 33 57 6 54 101 16 8 13 75 5 70 29 15 3 49 81 15 87 52 1 53 45 2 51 52 77 88 18 27 43 61 23 73 47 17 17 25 15 1 50 39 52 58 8 56 18 2 89 22 82 33 4 61 8 31 3 71 45 100 18 36 51 48 38 19 5 0 93 100 50 92 15 90 77 2 18 22 98 36 13 85 66 26 35 12 101 55 27 89 53 99 96 62 93 29 17 55 16 91 70 27 9 101 62 52 99 63 34 47 37 48 78 6 99 88 49
71 36 36 92 9 62 61 54 23 33 69 64 58 86 5 91 49 78 38 35 33 21 56 24 50 61 12 47 56 96 81 33 62 50 39 10 70 36 29 22 18 78 24 83 63 37 14 18 96 60 89 72 38 40 23 21 64 44 41 85 82 69 92 30 58 34 80 44 62 2 49 28 41 92 14 67 70 90 4 60 29 55 37 67 78 11 82 50 16 51 14 97 17 55 82 78 25 19 90 85 93 0 66 25 17 35 87 72 91 24 46 49 35 1 64 98 67 84 60 12 26 28 95 6 88 78 3 72 39 43 36 21 32 77 92 44 2 93 82 80 74 30 31 42 45 33 39 36 4 98
99 76 37 97 16 43 27 20 8 62 13 83 23 70 24 56 56 36 26 39 51 38 30 22 90 57 45 12 92 66 34 62 49 67 66 22 21 23 64 13 46 48 68 12 64 77 41 57 71 25 9 18 52 70 29 83 67 11 38 23 17 9 77 39 18 44 50 64 58 84 32 96 85 56 13 48 61 88 84 65 94 35 26 5 42 45 34 72 34 84 86 84 15 36 76 41 22 36 84 78 100 66 0 63 49 6 86 52 69 99 61 97 16 20 86 57 75 33 33 58 35 28 49 59 21 92 62 6 96 17 57 71 63 95 50 23 8 6 13 19 91 62 68 77 24 78 75 18 70 15
52 11 54 97 72 82 36 42 91 70 80 35 28 85 98 49 52 75 13 23 12 18 83 16 9 94 20 41 37 99 76 18 61 49 29 38 69 20 32 59 60 47 82 59 22 64 15 53 85 11 101 52 18 14 52 85 98 88 89 71 63 10 27 72 2 8 38 91 98 40 52 9 11 43 24 61 79 101 56 15 73 21 97 18 43 91 5 25 49 56 96 69 49 46 71 85 35 100 10 21 50 25 63 0 16 80 88 100 67 18 70 6 71 28 35 70 71 53 48 60 64 24 94 91 50 74 59 16 84 65 37 42 27 20 70 98 11 100 101 18 101 23 82 67 83 96 75 8 27 92
91 76 18 18 71 37 92 9 43 101 38 71 3 16 25 58 43 46 21 34 31 97 2 73 16 3 34 19 89 43 80 63 12 33 64 45 76 70 80 87 72 38 72 46 22 27 101 41 64 25 89 19 9 101 52 12 100 60 87 29 86 51 99 33 86 99 28 87 62 31 30 23 87 24 52 10 55 92 46 20 20 9 67 22 7 35 54 86 63 68 30 5 56 73 59 85 8 69 98 52 92 17 49 16 0 50 73 79 91 74 7 95 89 57 99 61 13 26 26 101 60 66 90 32 7 52 36 66 39 42 43 101 22 31 2 64 27 92 69 95 79 70 3 88 98 68 12 68 62 30
84 89 37 42 43 91 9 17 28 71 44 70 29 70 30 33 67 68 68 70 80 41 7 28 80 12 13 4 81 6 67 23 42 38 59 65 77 23 94 19 17 23 77 73 93 96 95 33 75 51 37 54 93 66 79 67 24 82 47 63 20 78 60 39 42 69 43 32 4 5 70 86 48 1 24 51 58 3 29 24 11 20 97 43 27 91 63 54 51 76 56 92 13 69 41 25 19 77 53 57 15 35 6 80 50 0 12 5 32 57 16 44 43 32 48 66 61 25 59 34 45 66 6 1 99 99 38 90 22 55 28 77 44 71 69 21 58 4 62 1 9 7 60 26 75 73 51 9 94 81
58 52 91 23 54 70 46 45 47 24 50 8 21 50 34 45 27 83 20 80 71 13 74 20 39 21 24 80 29 62 99 52 47 50 16 87 85 15 45 92 89 63 19 37 40 47 88 12 74 33 45 77 75 25 74 37 27 99 17 93 95 41 66 48 99 18 71 12 58 69 48 76 2 17 45 84 80 92 26 47 11 85 21 88 7 91 86 86 22 76 10 6 60 3 23 31 33 52 5 91 90 87 86 88 73 12 0 18 95 60 24 24 4 19 39 7 15 91 15 97 42 52 101 48 30 99 47 83 3 61 67 2 73 44 62 33 96 13 61 100 67 86 41 87 72 81 82 62 18 46
32 46 2 42 28 69 11 60 60 1 76 25 2 60 95 60 28 38 87 6 22 30 61 26 67 60 65 13 97 85 14 27 87 4 51 18 25 5 52 96 46 46 55 46 100 26 70 15 31 92 53 22 7 1 75 18 73 23 3 94 62 57 9 49 6 94 75 67 63 27 97 75 5 24 7 82 6 68 51 20 39 42 59 71 98 25 90 7 82 39 21 73 88 96 89 66 95 19 15 57 77 72 52 100 79 5 18 0 24 12 35 48 25 17 49 86 1 98 53 25 92 49 43 15 57 51 62 48 13 49 21 6 85 17 8 29 59 84 32 42 20 62 78 98 78 64 47 10 64 11
87 53 82 9 24 84 15 92 43 56 36 60 38 48 89 57 39 14 75 84 71 34 93 101 88 40 45 96 56 79 93 40 79 3 11 100 61 19 84 54 42 57 9 95 81 15 56 53 25 58 72 37 80 13 25 69 95 94 58 87 26 79 83 82 10 27 35 50 13 49 41 66 69 38 56 17 42 81 60 41 4 69 81 27 35 68 92 58 38 32 17 82 82 67 88 46 32 20 98 24 2 91 69 67 91 32 95 24 0 94 23 9 90 14 95 26 83 83 3 32 1 98 97 25 88 32 88 81 99 87 8 12 78 15 36 85 3 51 64 83 36 54 3 38 66 55 62 29 88 78
41 73 67 85 60 29 37 8 52 24 17 64 99 21 69 60 52 10 28 11 85 34 36 44 59 95 48 87 91 76 60 39 51 12 90 4 66 87 100 63 100 100 45 81 79 23 79 88 24 85 2 40 92 67 39 85 27 68 95 33 52 58 60 50 52 28 27 85 4 19 62 73 24 65 72 83 2 31 84 61 96 72 43 32 71 7 15 32 73 36 91 75 16 40 71 6 71 57 38 26 18 24 99 18 74 57 60 12 94 0 24 18 31 50 53 50 41 9 37 14 9 42 7 45 45 4 68 1 19 84 64 43 27 29 92 83 88 78 101 96 66 97 46 34 97 10 55 33 20 37
65 12 12 4 48 2 64 25 87 3 29 101 101 59 101 49 38 36 19 9 1 4 62 63 86 40 33 93 65 63 92 62 69 81 80 80 62 1 97 100 81 61 23 70 17 13 15 36 73 80 93 13 59 39 99 14 99 29 26 68 42 38 36 19 97 17 25 8 22 90 52 42 11 37 51 37 86 49 66 30 28 97 31 48 91 53 59 22 39 40 12 63 33 61 92 81 85 35 92 7 22 46 61 70 7 16 24 35 23 24 0 84 61 66 82 82 63 91 18 85 16 101 53 77 9 78 12 3 8 97 86 35 81 86 53 20 94 51 52 1 59 5 53 82 72 95 10 55 81 97
90 97 66 63 26 12 46 100 98 92 59 83 1 31 55 53 9 101 57 76 84 10 23 10 57 74 92 57 7 24 76 1 90 101 24 56 44 39 66 17 34 79 47 26 22 51 93 39 30 17 45 91 93 69 72 90 98 75 48 42 46 63 42 28 8 58 90 83 3 95 41 76 84 27 60 39 3 76 101 85 95 19 25 65 84 30 52 59 49 62 84 43 22 12 80 46 77 26 85 96 98 49 97 6 95 44 24 48 9 18 84 0 32 54 88 24 5 67 20 10 22 73 43 99 99 93 75 45 68 80 58 82 43 92 41 7 68 95 76 73 46 64 64 20 67 48 59 100 64 24
91 59 88 77 70 70 5 13 44 47 50 34 41 68 11 43 19 96 23 72 31 18 45 101 56 64 5 100 93 47 7 18 80 40 62 94 61 59 17 87 48 32 35 48 29 24 94 5 84 46 30 80 8 72 69 36 35 64 73 88 52 68 97 48 78 38 35 86 47 61 12 28 21 54 49 53 4 4 93 63 70 97 85 23 86 6 38 60 1 78 15 40 91 23 2 1 97 88 61 51 36 35 16 71 89 43 4 25 90 31 61 32 0 50 53 81 14 49 21 101 58 17 3 17 11 101 81 17 61 10 20 53 39 65 55 69 58 61 99 60 1 47 30 59 33 50 25 43 27 29
32 19 42 84 85 99 88 77 44 34 7 75 18 57 63 47 36 50 77 24 86 17 56 83 39 72 38 66 59 65 18 37 51 91 57 22 23 91 88 90 46 66 38 99 7 82 52 91 85 31 73 2 97 57 69 17 22 28 14 24 65 60 5 99 35 100 41 51 6 42 31 82 51 71 74 13 20 71 93 40 16 43 67 29 67 86 29 31 21 15 20 3 68 64 11 58 80 66 42 44 13 1 20 28 57 32 19 17 14 50 66 54 50 0 78 67 53 52 1 6 6 26 22 23 37 75 11 69 70 75 41 15 36 62 52 51 76 19 41 92 55 47 87 40 38 40 7 7 87 47
54 1 66 74 67 19 94 81 48 95 98 48 55 74 28 78 19 7 82 49 75 81 44 66 11 94 37 6 64 13 17 49 47 88 27 76 23 52 46 1 29 58 100 48 48 71 44 50 39 79 85 28 49 87 13 96 42 95 14 32 24 39 32 58 22 27 33 73 28 100 41 8 54 34 74 42 93 27 80 71 42 26 45 75 48 58 32 15 27 2 78 101 49 80 21 86 81 39 76 44 85 64 86 35 99 48 39 49 95 53 82 88 53 78 0 39 38 11 52 36 88 71 62 98 71 51 9 11 88 86 26 45 53 36 53 6 7 39 78 71 77 88 13 60 17 54 101 46 42 30
76 16 88 39 61 75 5 88 60 39 86 11 66 79 84 100 55 99 2 41 26 90 18 63 45 52 80 61 79 100 101 23 92 19 23 83 2 54 30 76 99 70 16 59 59 38 71 46 26 56 56 66 94 61 12 71 38 24 11 40 2 33 83 41 68 83 58 90 26 64 16 99 22 4 86 53 48 68 82 70 54 14 70 100 85 99 77 16 64 38 26 63 77 27 15 34 87 65 19 63 66 98 57 70 61 66 7 86 26 50 82 24 81 67 39 0 99 97 75 62 71 93 93 24 67 31 27 37 79 54 50 11 26 90 5 90 99 14 83 77 65 92 91 5 17 11 6 91 45 65
14 83 69 1 14 98 2 28 74 54 42 16 59 39 69 18 32 22 92 30 14 56 85 20 43 37 92 82 11 51 77 81 62 16 31 4 14 88 42 33 47 72 63 12 63 5 37 50 80 79 34 56 54 81 9 12 10 74 100 96 81 100 6 47 96 28 84 62 4 83 37 72 66 55 14 81 22 1 39 69 34 2 78 21 16 89 1 96 9 78 52 4 92 33 82 97 38 94 64 91 26 67 75 71 13 61 15 1 83 41 63 5 14 53 38 99 0 87 94 11 34 83 87 14 53 15 28 64 37 80 10 2 6 43 33 63 19 83 46 22 27 90 9 56 78 25 85 90 19 20
74 40 11 75 97 41 35 23 68 77 49 41 67 76 21 68 63 31 61 20 81 60 36 83 59 68 18 92 99 2 49 12 76 54 77 79 83 100 87 85 26 55 90 77 29 33 5 45 84 22 95 31 71 34 12 90 83 66 18 41 28 38 55 97 36 78 52 33 22 25 3 70 19 35 49 77 17 8 52 62 66 14 44 63 86 58 66 11 20 46 27 63 38 99 91 17 77 11 97 60 35 84 33 53 26 25 91 98 83 9 91 67 49 52 11 97 87 0 77 26 75 25 44 69 88 51 44 77 40 82 87 17 59 52 79 55 26 15 40 29 97 13 81 100 31 33 26 50 52 68
92 43 59 40 91 13 58 23 63 101 68 71 35 18 55 97 79 74 14 94 69 29 73 77 26 30 52 14 4 59 42 42 20 95 96 39 22 51 1 55 15 38 76 81 53 19 20 32 32 40 28 27 71 25 16 27 73 28 72 46 36 79 59 26 66 76 94 84 22 91 98 86 53 64 64 57 29 53 9 24 35 86 97 83 26 62 24 4 97 40 40 1 72 44 35 86 1 23 73 71 12 60 33 48 26 59 15 53 3 37 18 20 21 1 52 75 94 77 0 28 85 92 20 41 19 42 56 88 19 34 45 6 9 47 61 11 47 80 10 26 34 7 35 2 57 21 14 43 83 70
75 60 9 86 51 65 89 40 48 24 95 4 87 66 64 91 19 47 36 99 57 36 49 58 67 58 25 87 36 40 29 60 15 72 62 18 15 3 86 88 40 83 58 65 73 55 76 93 37 97 69 81 93 21 92 11 15 53 55 22 61 49 22 30 83 22 10 56 31 37 49 41 4 42 7 8 98 63 52 39 34 86 7 5 67 92 101 89 28 68 86 24 97 4 8 21 41 90 10 24 101 12 58 60 101 34 97 25 32 14 85 10 101 6 36 62 11 26 28 0 87 74 16 56 9 81 20 51 64 27 2 66 54 25 92 91 62 76 100 84 59 35 54 96 72 98 2 38 66 24
101 47 78 60 78 100 5 27 9 87 77 11 4 15 5 68 58 78 83 20 76 78 41 93 49 40 54 18 95 86 44 42 53 54 97 37 80 82 71 70 45 35 65 43 60 68 90 51 50 74 44 88 38 64 92 53 46 79 48 33 63 60 95 43 33 92 47 92 69 75 46 79 33 28 99 8 101 34 92 62 12 13 11 94 24 18 6 81 43 75 22 76 38 97 86 63 68 63 1 27 55 26 35 64 60 45 42 92 1 9 16 22 58 6 88 71 34 75 85 87 0 69 12 8 36 55 59 23 81 52 15 61 91 95 99 26 36 86 40 59 3 75 41 49 53 20 26 88 26 33
25 16 13 97 58 55 23 39 14 33 88 5 45 4 59 89 97 1 48 72 93 33 39 61 44 35 96 35 73 38 89 83 92 24 35 95 84 100 92 3 95 17 59 48 80 46 35 48 6 33 35 27 68 17 62 27 20 52 34 29 24 53 25 72 52 89 2 10 15 99 82 40 39 85 18 7 15 76 31 12 67 32 101 1 82 18 30 87 56 84 32 96 90 50 2 24 58 53 34 74 27 28 28 24 66 66 52 49 98 42 101 73 17 26 71 93 83 25 92 74 69 0 76 85 84 36 39 22 61 35 26 15 38 82 23 95 39 88 68 93 9 94 28 61 25 11 12 80 70 69
39 67 92 54 56 36 80 58 19 80 67 87 24 66 18 50 60 16 90 4 71 16 28 58 53 19 63 80 76 90 95 55 94 78 7 53 47 92 36 30 99 19 34 5 58 83 63 90 2 91 24 41 75 96 72 74 66 79 55 20 24 55 74 38 33 20 89 59 79 37 39 38 74 37 22 93 94 32 94 22 61 78 12 70 77 24 42 100 55 55 72 19 79 8 50 51 69 1 28 75 89 95 49 94 90 6 101 43 97 7 53 43 3 22 62 93 87 44 20 16 12 76 0 64 66 21 77 34 75 88 9 73 44 31 11 71 46 14 59 85 20 82 41 94 25 50 4 75 49 51
26 16 37 65 16 1 67 3 20 62 69 3 91 18 12 53 80 71 11 33 26 64 6 24 9 5 56 8 81 83 28 4 20 73 64 53 100 68 41 57 75 101 1 49 55 35 19 16 34 5 16 66 83 86 39 100 8 12 101 80 95 12 20 25 23 24 62 2 57 85 4 83 73 26 23 81 6 11 98 100 2 94 91 34 23 37 48 80 96 87 93 49 17 57 52 69 73 26 65 90 53 6 59 91 32 1 48 15 25 45 77 99 17 23 98 24 14 69 41 56 8 85 64 0 31 40 46 73 75 99 100 3 30 26 56 60 78 71 8 47 73 64 90 58 37 3 100 16 18 73
65 58 50 85 43 61 35 8 73 87 51 28 41 42 100 56 56 90 83 87 88 11 12 84 72 18 11 26 63 60 55 96 93 12 38 43 32 45 41 71 46 67 78 70 52 22 61 57 8 15 63 21 91 84 99 38 52 68 30 40 63 34 71 32 13 17 100 53 14 89 52 48 43 89 88 97 5 85 16 92 6 98 20 56 67 21 30 61 73 86 8 93 42 28 47 35 16 77 62 99 99 88 21 50 7 99 30 57 88 45 9 99 11 37 71 67 53 88 19 9 36 84 66 31 0 27 68 18 5 25 28 63 43 65 43 67 95 87 76 27 94 3 95 82 17 6 46 99 59 25
76 34 88 81 3 6 62 26 79 22 81 63 70 32 77 42 34 27 69 75 61 90 39 85 59 23 5 53 69 78 17 24 50 49 6 17 85 19 6 38 101 97 43 22 74 52 73 44 41 70 86 42 59 55 48 5 16 61 56 24 65 25 28 38 32 17 97 58 68 91 52 79 90 6 39 46 27 18 26 5 69 65 52 24 71 57 62 67 9 3 100 90 51 24 48 24 82 95 95 87 96 78 92 74 52 99 99 51 32 4 78 93 101 75 51 31 15 51 42 81 55 36 21 40 27 0 56 68 58 53 78 45 86 86 81 8 17 5 88 96 64 49 26 39 94 2 16 56 89 85
29 35 43 68 76 54 44 62 66 52 69 27 88 61 31 65 59 84 1 62 11 2 24 47 24 81 76 20 34 58 81 1 92 6 21 79 93 50 90 15 54 52 66 61 38 68 4 41 5 8 60 44 42 65 78 30 89 98 41 56 49 51 46 32 19 36 70 81 89 3 26 21 81 92 23 77 37 18 60 35 47 85 41 99 47 17 32 74 41 59 46 61 2 5 50 74 94 68 96 61 62 3 62 59 36 38 47 62 88 68 12 75 81 11 9 27 28 44 56 20 59 39 77 46 68 56 0 56 7 47 51 39 43 27 61 51 5 6 38 65 65 80 78 24 27 56 92 11 45 14
16 83 8 74 10 9 61 61 92 11 96 86 8 91 37 90 91 74 69 71 60 81 57 74 13 69 80 14 91 67 31 6 4 14 97 12 70 20 90 69 40 48 66 32 8 78 18 43 80 25 73 6 83 83 57 96 1 95 67 57 17 75 23 94 52 62 48 36 12 6 66 86 15 11 38 78 25 1 32 37 28 37 23 69 6 83 72 69 59 66 64 36 22 75 5 81 97 93 101 30 93 72 6 16 66 90 83 48 81 1 3 45 17 69 11 37 64 77 88 51 23 22 34 73 18 68 56 0 25 28 17 12 18 63 91 19 10 73 11 95 25 45 45 21 92 99 41 96 59 79
48 47 66 71 14 95 54 3 58 65 28 6 17 89 11 12 17 73 36 99 64 33 99 23 36 58 76 36 69 7 90 50 100 10 5 68 88 67 31 5 53 80 71 12 10 79 97 17 85 93 95 25 72 46 9 84 82 74 67 5 63 29 101 76 74 7 19 72 54 35 73 13 98 59 70 30 78 45 29 90 54 60 67 85 60 65 47 78 8 101 21 52 82 57 4 64 60 2 25 75 29 39 96 84 39 22 3 13 99 19 8 68 61 70 88 79 37 40 19 64 81 61 75 75 5 58 7 25 0 22 47 68 81 86 89 70 12 67 84 7 51 28 6 44 23 6 45 8 58 25
69 27 71 48 93 69 87 83 94 74 20 72 23 24 80 62 59 86 99 11 50 68 50 65 45 31 37 42 15 37 60 58 28 47 6 24 13 89 71 42 13 73 18 96 77 13 54 20 12 62 92 44 33 40 46 19 68 50 27 61 100 69 52 69 80 21 35 8 73 17 8 18 19 30 100 10 86 57 52 29 79 35 59 52 20 24 87 87 46 67 67 21 30 17 48 45 94 48 52 44 17 43 17 65 42 55 61 49 87 84 97 80 10 75 86 54 80 82 34 27 52 35 88 99 25 53 47 28 22 0 52 98 79 100 71 6 86 98 6 71 42 71 78 15 91 64 87 14 75 92
100 93 70 45 68 75 94 86 22 55 34 82 76 33 89 46 18 1 21 78 18 9 37 55 92 31 59 18 46 31 86 75 54 40 50 76 2 75 35 47 73 56 2 18 23 72 27 41 39 6 99 34 61 64 68 49 13 64 44 96 60 17 26 70 28 14 43 33 32 77 5 75 47 43 13 95 77 12 23 19 59 17 56 45 97 61 4 61 62 89 36 9 81 97 53 3 98 33 12 28 55 36 57 37 43 28 67 21 8 64 86 58 20 41 26 50 10 87 45 2 15 26 9 100 28 78 51 17 47 52 0 10 101 65 100 69 98 10 81 42 10 42 40 21 19 26 61 20 95 32
69 4 59 6 77 55 63 21 99 76 92 51 47 9 25 61 82 85 87 76 53 91 88 22 77 85 13 71 94 39 46 34 14 57 54 11 81 23 26 72 77 10 1 25 17 22 57 24 82 33 101 84 47 99 53 35 80 19 95 9 62 4 4 84 24 20 101 83 28 58 37 36 69 67 44 20 3 60 18 79 63 53 35 67 52 8 44 19 1 99 16 40 28 15 78 98 38 51 11 61 16 21 71 42 101 77 2 6 12 43 35 82 53 15 45 11 2 17 6 66 61 15 73 3 63 45 39 12 68 98 10 0 65 7 48 69 33 65 59 50 19 77 77 91 28 55 52 73 70 7
73 25 61 51 95 98 23 55 87 73 20 54 96 18 57 20 9 99 51 34 54 15 29 19 63 82 87 38 76 92 86 73 12 41 78 16 84 27 41 55 65 65 91 3 31 48 54 29 67 37 87 52 17 20 63 42 37 60 5 57 40 37 15 61 37 42 1 27 74 46 51 29 24 10 42 85 48 14 53 84 57 32 48 86 21 39 33 36 57 63 83 54 43 93 13 21 74 65 77 83 91 32 63 27 22 44 73 85 78 27 81 43 39 36 53 26 6 59 9 54 91 38 44 30 43 86 43 18 81 79 101 65 0 50 93 11 6 43 76 18 90 69 17 32 82 54 82 78 68 2
10 36 21 33 82 87 1 76 78 9 73 85 4 100 25 1 94 69 48 100 19 57 22 3 8 40 53 88 53 29 1 98 95 19 26 32 53 72 21 10 98 61 95 76 75 55 86 2 82 96 49 89 94 63 69 78 47 99 53 80 16 79 65 53 68 18 67 101 72 67 69 29 39 47 68 83 15 2 64 98 89 66 101 33 99 45 76 42 90 67 20 91 45 24 60 86 81 42 94 51 70 77 95 20 31 71 44 17 15 29 86 92 65 62 36 90 43 52 47 25 95 82 31 26 65 86 27 63 86 100 65 7 50 0 67 70 75 30 96 6 73 43 32 72 24 15 17 99 77 31
58 62 71 19 92 10 97 69 101 6 94 78 10 86 85 85 12 88 99 6 22 39 15 55 15 79 33 88 71 24 63 80 37 60 67 37 25 14 12 58 10 101 18 81 16 31 100 33 101 76 90 60 77 66 70 16 85 55 61 26 48 53 4 40 92 57 96 73 14 26 43 94 56 11 35 53 70 9 93 80 31 29 2 14 32 10 48 73 74 12 50 8 65 38 18 29 23 27 45 94 27 92 50 70 2 69 62 8 36 92 53 41 55 52 53 5 33 79 61 92 99 23 11 56 43 81 61 91 89 71 100 48 93 67 0 13 10 2 32 21 83 80 71 9 46 4 21 2 94 60
50 64 51 29 90 96 16 52 7 30 69 28 9 76 101 62 54 74 43 9 91 21 32 8 71 62 57 65 100 76 68 67 19 56 40 82 72 97 45 46 61 94 34 55 79 11 1 71 11 94 93 78 47 11 75 87 79 101 71 10 52 40 7 4 1 45 38 50 3 34 30 44 60 51 3 15 53 55 59 22 63 56 64 7 36 46 86 28 77 26 81 64 2 91 64 13 82 76 98 68 9 44 23 98 64 21 33 29 85 83 20 7 69 51 6 90 63 55 11 91 26 95 71 60 67 8 51 19 70 6 69 69 11 70 13 0 96 12 82 29 6 33 50 101 32 45 25 37 37 78
37 36 93 37 83 61 60 4 44 7 19 16 15 9 41 29 65 31 47 60 28 68 44 101 88 92 55 28 50 61 69 99 94 74 72 31 44 9 85 57 14 62 43 76 6 15 63 77 23 68 54 65 81 87 43 84 17 92 18 72 88 22 60 23 46 58 80 71 38 9 101 80 12 51 58 46 28 9 3 7 74 60 4 4 85 94 30 12 94 57 91 76 8 81 57 68 31 71 79 66 101 2 8 11 27 58 96 59 3 88 94 68 58 76 7 99 19 26 47 62 36 39 46 78 95 17 5 10 12 86 98 33 6 75 10 96 0 24 58 21 58 60 46 16 49 14 97 79 31 28
81 90 39 63 26 47 32 76 78 35 67 78 80 2 72 74 94 42 80 12 17 63 98 70 97 58 21 9 87 59 69 34 89 86 94 94 11 93 92 91 72 77 40 69 57 3 101 7 32 92 22 78 58 12 16 9 91 23 92 32 34 98 70 38 5 72 45 48 94 36 98 13 69 41 97 95 6 75 30 29 45 64 68 48 81 5 77 84 32 68 65 37 57 43 49 37 19 16 58 81 62 93 6 100 92 4 13 84 51 78 51 95 61 19 39 14 83 15 80 76 86 88 14 71 87 5 6 73 67 98 10 65 43 30 2 12 24 0 66 38 78 56 5 4 66 85 83 4 89 26
23 87 96 74 60 96 83 19 73 84 42 69 89 38 18 52 24 99 98 83 96 86 81 77 96 98 37 70 61 89 76 13 54 93 3 6 18 37 39 70 16 13 77 83 61 91 14 101 64 95 83 45 20 11 36 72 35 54 73 22 36 88 54 70 72 101 17 46 31 55 50 6 24 78 35 33 45 40 18 52 31 40 35 56 28 66 30 77 62 63 84 51 17 91 37 3 43 17 90 51 52 82 13 101 69 62 61 32 64 101 52 76 99 41 78 83 46 40 10 100 40 68 59 8 76 88 38 11 84 6 81 59 76 96 32 82 58 66 0 73 77 55 69 17 23 14 36 84 32 82
14 40 34 54 36 63 69 58 69 80 25 1 41 58 13 89 73 62 95 55 73 80 71 19 1 81 33 87 59 32 44 30 82 93 96 17 28 5 25 74 99 84 46 58 16 67 66 15 64 59 86 49 71 16 4 31 2 19 76 27 81 48 98 69 90 47 99 41 86 54 99 90 88 61 75 89 48 53 19 57 89 63 78 13 4 40 40 46 20 30 8 34 99 39 92 47 80 48 65 65 99 80 19 18 95 1 100 42 83 96 1 73 60 92 71 77 22 29 26 84 59 93 85 47 27 96 65 95 7 71 42 50 18 6 21 29 21 38 73 0 15 57 61 34 98 6 77 94 74 40
4 39 6 28 97 41 64 37 53 41 35 83 81 72 48 36 16 31 25 99 97 15 84 11 88 41 63 76 100 50 31 33 3 47 96 37 2 71 43 20 66 68 101 60 33 62 100 55 23 17 81 22 69 80 40 43 26 23 80 8 75 11 49 33 30 74 64 18 99 29 20 51 2 95 64 75 101 72 8 54 3 23 96 14 13 31 84 56 58 65 46 20 85 94 78 61 82 13 38 66 63 74 91 101 79 9 67 20 36 66 59 46 1 55 77 65 27 97 34 59 3 9 20 73 94 64 65 25 51 42 10 19 90 73 83 6 58 78 77 15 0 23 46 90 2 30 53 58 12 94
83 7 37 81 66 7 12 96 47 33 8 72 24 32 45 79 21 10 87 94 37 60 21 64 5 42 86 5 78 77 52 23 24 76 101 49 10 11 64 88 28 26 86 34 72 51 82 74 70 57 17 41 8 59 41 66 59 81 13 15 75 3 91 96 88 65 54 62 23 63 14 33 98 98 8 90 49 96 54 99 23 30 57 101 77 43 21 18 72 35 57 27 98 44 84 1 70 68 38 42 34 30 62 23 70 7 86 62 54 97 5 64 47 47 88 92 90 13 7 35 75 94 82 64 3 49 80 45 28 71 42 77 69 43 80 33 60 56 55 57 23 0 19 19 99 4 11 5 83 39
48 55 9 19 36 42 81 70 83 25 28 42 88 99 75 92 94 15 65 101 80 6 94 52 50 82 44 86 21 47 91 85 92 72 14 7 96 100 78 21 22 26 46 43 17 64 9 85 21 93 76 3 13 12 27 62 57 82 32 67 2 25 11 10 20 77 77 22 32 83 63 3 48 82 79 79 72 3 2 60 49 17 14 26 73 63 27 77 2 90 14 31 60 41 19 25 34 20 32 49 47 31 68 82 3 60 41 78 3 46 53 64 30 87 13 91 9 81 35 54 41 28 41 90 95 26 78 45 6 78 40 77 17 32 71 50 46 5 69 61 46 19 0 81 10 22 92 16 26 39
9 49 50 68 86 71 12 71 37 37 6 78 20 61 26 40 51 81 83 96 28 37 96 56 101 65 69 37 61 88 82 34 73 8 52 8 31 69 12 33 48 35 55 53 36 14 13 100 24 72 10 49 60 67 67 25 50 9 56 33 52 69 3 71 87 9 24 24 8 72 18 44 6 56 17 52 52 92 98 53 85 87 23 21 81 6 8 10 68 54 27 64 4 41 22 38 45 80 27 36 37 42 77 67 88 26 87 98 38 34 82 20 59 40 60 5 56 100 2 96 49 61 94 58 82 39 24 21 44 15 21 91 32 72 9 101 16 4 17 34 90 19 81 0 86 79 54 100 79 8
35 15 36 43 1 11 64 40 73 31 71 11 84 57 57 33 16 68 70 41 37 68 73 36 60 82 95 86 70 33 34 85 78 70 56 71 27 58 6 91 12 56 8 81 48 60 23 2 76 30 99 60 46 45 11 40 11 93 64 1 100 8 38 34 79 63 78 17 88 51 79 13 21 65 90 22 31 46 1 70 26 26 37 15 87 13 33 35 89 18 68 41 40 60 43 17 2 98 54 3 48 45 24 83 98 75 72 78 66 97 72 67 33 38 17 17 78 31 57 72 53 25 25 37 17 94 27 92 23 91 19 28 82 24 46 32 49 66 23 98 2 99 10 86 0 6 67 67 2 95
41 10 43 88 10 52 88 7 43 79 93 50 14 46 82 84 5 45 49 7 32 36 60 74 44 43 73 62 10 46 63 15 16 53 70 1 46 16 59 8 43 16 47 4 85 64 66 33 99 91 41 76 4 26 25 40 6 24 74 59 15 1 57 21 30 77 31 89 70 28 13 75 53 45 18 27 75 86 18 87 37 17 42 79 62 10 77 54 42 34 79 18 65 36 13 44 57 58 96 69 78 33 78 96 68 73 81 64 55 10 95 48 50 40 54 11 25 33 21 98 20 11 50 3 6 2 56 99 6 64 26 55 54 15 4 45 14 85 14 6 30 4 22 79 6 0 13 55 16 58
20 90 15 14 1 77 1 82 57 93 95 61 35 23 89 80 6 84 59 28 87 68 48 81 28 53 11 67 52 59 70 2 84 4 88 76 26 73 73 82 76 82 5 74 86 32 48 22 101 43 96 41 89 49 27 54 32 15 71 58 34 33 71 89 84 27 98 17 8 34 82 78 67 97 100 101 25 80 3 81 30 28 34 34 86 101 53 89 40 71 24 49 94 4 75 39 75 3 100 100 6 39 75 75 12 51 82 47 62 55 10 59 25 7 101 6 85 26 14 2 26 12 4 100 46 16 92 41 45 87 61 52 82 17 21 25 97 83 36 77 53 11 92 54 67 13 0 78 10 14
20 37 73 88 89 100 89 46 7 53 1 30 89 2 48 6 66 58 58 16 50 55 76 81 73 38 97 13 32 61 91 19 98 42 94 22 57 25 89 22 52 46 39 16 43 71 51 34 45 5 71 51 75 37 99 37 13 89 20 62 60 54 43 68 101 96 38 93 1 24 14 33 76 27 98 33 79 10 39 52 44 63 69 36 101 76 49 95 76 3 36 81 99 94 5 77 26 17 63 87 99 36 18 8 68 9 62 10 29 33 55 100 43 7 46 91 90 50 43 38 88 80 75 16 99 56 11 96 8 14 20 73 78 99 2 37 79 4 84 94 58 5 16 100 67 55 78 0 96 63
52 34 65 64 101 14 5 4 25 82 40 91 8 27 63 73 53 81 60 81 68 12 27 91 34 15 74 17 99 21 10 92 87 89 22 12 54 95 33 68 3 8 56 20 97 101 36 3 48 79 55 7 63 42 18 48 84 12 59 2 27 8 5 7 67 49 23 3 51 1 1 80 3 8 38 61 78 23 23 62 19 48 52 5 79 62 76 65 88 100 86 49 93 59 90 19 95 7 52 6 88 4 70 27 62 94 18 64 88 20 81 64 27 87 42 45 19 52 83 66 26 70 49 18 59 89 45 59 58 75 95 70 68 77 94 37 31 89 32 74 12 83 26 79 2 16 10 96 0 52
33 15 47 63 50 76 79 69 33 90 62 73 33 79 21 48 2 79 51 83 55 60 38 64 36 55 3 22 25 3 40 7 72 45 91 14 62 15 63 90 31 69 3 38 51 49 20 88 52 33 71 13 36 46 71 68 74 21 3 60 34 31 70 63 53 23 16 88 57 52 62 14 38 31 74 29 76 67 10 23 26 65 27 33 12 3 34 45 94 94 10 85 74 26 11 47 48 60 33 71 49 98 15 92 30 81 46 11 78 37 97 24 29 47 30 65 20 68 70 24 33 69 51 73 25 85 14 79 25 92 32 7 2 31 60 78 28 26 82 40 94 39 39 8 95 58 14 63 52 0
