0 17 62 85 75 41 57 66 84 28 87 46 37 82 30 90 87 64 56 78 2 20 94 57 97
17 0 25 17 36 85 27 66 54 7 77 56 84 42 96 66 82 98 60 32 80 31 21 1 87
62 25 0 44 66 100 41 45 86 80 60 56 13 94 53 46 4 97 68 57 88 77 28 15 82
85 17 44 0 20 101 99 7 8 80 86 95 4 91 70 81 18 82 14 25 19 47 71 84 23
75 36 66 20 0 56 17 5 68 63 33 26 25 90 12 66 18 22 36 72 26 56 20 26 27
41 85 100 101 56 0 8 16 9 26 101 86 20 74 97 25 66 83 74 31 94 65 48 10 96
57 27 41 99 17 8 0 90 11 55 32 10 95 34 95 59 14 66 96 5 17 59 8 82 89
66 66 45 7 5 16 90 0 77 20 7 38 36 29 92 90 65 37 92 52 98 87 15 37 100
84 54 86 8 68 9 11 77 0 85 66 49 50 84 62 19 32 52 35 73 91 7 67 79 43
28 7 80 80 63 26 55 20 85 0 50 81 65 85 80 57 73 9 49 1 27 66 48 82 41
87 77 60 86 33 101 32 7 66 50 0 50 30 77 75 44 57 72 35 10 76 87 26 66 78
46 56 56 95 26 86 10 38 49 81 50 0 85 51 66 17 38 73 9 49 92 88 15 100 14
37 84 13 4 25 20 95 36 50 65 30 85 0 65 32 11 7 57 14 47 6 45 89 28 18
82 42 94 91 90 74 34 29 84 85 77 51 65 0 63 38 64 76 51 72 54 78 22 26 46
30 96 53 70 12 97 95 92 62 80 75 66 32 63 0 92 5 48 68 60 97 29 89 65 89
90 66 46 81 66 25 59 90 19 57 44 17 11 38 92 0 25 18 70 88 63 80 38 67 85
87 82 4 18 18 66 14 65 32 73 57 38 7 64 5 25 0 71 54 71 55 23 83 34 33
64 98 97 82 22 83 66 37 52 9 72 73 57 76 48 18 71 0 36 97 16 89 25 2 73
56 60 68 14 36 74 96 92 35 49 35 9 14 51 68 70 54 36 0 6 47 6 22 77 29
78 32 57 25 72 31 5 52 73 1 10 49 47 72 60 88 71 97 6 0 87 52 4 76 42
2 80 88 19 26 94 17 98 91 27 76 92 6 54 97 63 55 16 47 87 0 97 13 101 99
20 31 77 47 56 65 59 87 7 66 87 88 45 78 29 80 23 89 6 52 97 0 25 94 31
94 21 28 71 20 48 8 15 67 48 26 15 89 22 89 38 83 25 22 4 13 25 0 20 43
57 1 15 84 26 10 82 37 79 82 66 100 28 26 65 67 34 2 77 76 101 94 20 0 94
97 87 82 23 27 96 89 100 43 41 78 14 18 46 89 85 33 73 29 42 99 31 43 94 0
