0 54 55 40 100 72 49 10 34 42 47 29 15 40 3
54 0 10 71 15 93 45 8 82 87 62 91 18 11 23
55 10 0 47 10 96 33 74 78 4 74 63 47 1 63
40 71 47 0 40 86 22 40 27 28 18 61 82 71 45
100 15 10 40 0 90 24 6 70 64 75 60 50 75 22
72 93 96 86 90 0 13 82 30 7 89 17 82 97 23
49 45 33 22 24 13 0 32 68 32 68 77 13 54 82
10 8 74 40 6 82 32 0 11 74 96 24 61 74 55
34 82 78 27 70 30 68 11 0 44 47 20 74 17 67
42 87 4 28 64 7 32 74 44 0 18 76 22 65 62
47 62 74 18 75 89 68 96 47 18 0 69 50 74 13
29 91 63 61 60 17 77 24 20 76 69 0 77 60 35
15 18 47 82 50 82 13 61 74 22 50 77 0 35 15
40 11 1 71 75 97 54 74 17 65 74 60 35 0 59
3 23 63 45 22 23 82 55 67 62 13 35 15 59 0
